# molecule         = H2
# geometry         = H 0 0 0; H 0 0 {R:.6f}
# basis            = sadlej
# basis_source     = sadlej.gbs
# lambda           = 0.010000
# omega            = 0.020100
# mode_dir         = [1.0, 0.0, 0.0]
# scheme           = general
# offdiag          = none
# method           = QED-FCI
# nboson_max       = 8
# n_fock_states    = 9
# ff_step_h        = 0.001
# n_field_points   = 13
# fci_tol          = 1e-11
# fci_max_cycle    = 300
# scf_conv_tol     = 1e-12
# center_geometry  = True
# frozen_core_orbitals = 0
# coherent_state   = True
# z_selfconsistent_iter = 0
# R_range_Ang      = 0.4:0.1:5.0
# R_e_ref_Ang      = 0.7414
# pyscf            = 2.11.0
# python           = 3.13.12
# host             = fedora
# date             = 2026-08-17 22:11:01
# columns          = R,fci[0],fci[+x],fci[-x],fci[+2x],fci[-2x],fci[+y],fci[-y],fci[+2y],fci[-2y],fci[+z],fci[-z],fci[+2z],fci[-2z]
    0.500000      -1.0702914247125810      -1.0702928777112664      -1.0702928777113427      -1.0702972365939598      -1.0702972365939070      -1.0702928777382505      -1.0702928777382568      -1.0702972367016155      -1.0702972367016594      -1.0702934212201936      -1.0702934212200892      -1.0702994107728239      -1.0702994107725410
    0.600000      -1.1331363213402230      -1.1331380588280224      -1.1331380588281210      -1.1331432713859255      -1.1331432713858176      -1.1331380588513247      -1.1331380588513678      -1.1331432714789231      -1.1331432714789196      -1.1331387928022851      -1.1331387928022807      -1.1331462074662328      -1.1331462074661902
    0.700000      -1.1571813024598154      -1.1571833448785496      -1.1571833448784390      -1.1571894722530596      -1.1571894722527811      -1.1571833448873159      -1.1571833448874749      -1.1571894722889349      -1.1571894722889349      -1.1571843326204605      -1.1571843326204529      -1.1571934234594785      -1.1571934234594128
    0.800000      -1.1608386223347464      -1.1608409806393123      -1.1608409806390352      -1.1608480557033671      -1.1608480557041763      -1.1608409806215763      -1.1608409806219928      -1.1608480556345242      -1.1608480556345173      -1.1608422895364447      -1.1608422895364452      -1.1608532916044658      -1.1608532916045999
    0.900000      -1.1536657649306321      -1.1536684409846316      -1.1536684409840705      -1.1536764693344219      -1.1536764693343986      -1.1536684409287661      -1.1536684409296198      -1.1536764691136427      -1.1536764691136305      -1.1536701376727707      -1.1536701376727825      -1.1536832564962207      -1.1536832564962225
    1.000000      -1.1409074105392842      -1.1409103976243440      -1.1409103976245829      -1.1409193591028202      -1.1409193591027802      -1.1409103975223482      -1.1409103975223656      -1.1409193586937607      -1.1409193586937501      -1.1409125412114469      -1.1409125412114594      -1.1409279339901808      -1.1409279339901741
    1.100000      -1.1255716399801348      -1.1255749233712247      -1.1255749233715979      -1.1255847737923212      -1.1255847737922511      -1.1255749232165522      -1.1255749232165906      -1.1255847731719921      -1.1255847731719715      -1.1255775570017463      -1.1255775570017243      -1.1255953090288866      -1.1255953090288602
    1.200000      -1.1094411564643769      -1.1094447141562873      -1.1094447141567647      -1.1094553875243056      -1.1094553875244051      -1.1094447139475738      -1.1094447139476205      -1.1094553866873840      -1.1094553866873613      -1.1094478557377130      -1.1094478557373186      -1.1094679548058703      -1.1094679548058397
    1.300000      -1.0935955230401944      -1.0935993267251929      -1.0935993267257742      -1.0936107381069484      -1.0936107381070879      -1.0935993264658248      -1.0935993264658852      -1.0936107370669732      -1.0936107370669550      -1.0936029603610562      -1.0936029603606454      -1.0936252739454431      -1.0936252739454160
    1.400000      -1.0786913170291688      -1.0786953333520091      -1.0786953333519516      -1.0787073826752662      -1.0787073826754932      -1.0786953330489499      -1.0786953330490483      -1.0787073814631472      -1.0787073814631156      -1.0786994036376190      -1.0786994036376152      -1.0787236655835577      -1.0787236655835013
    1.500000      -1.0651151984284692      -1.0651193906766052      -1.0651193906765268      -1.0651319678096709      -1.0651319678099787      -1.0651193903414704      -1.0651193903416007      -1.0651319664693752      -1.0651319664693419      -1.0651238021736908      -1.0651238021730396      -1.0651496161841754      -1.0651496161841090
    1.600000      -1.0530705639198485      -1.0530748941541705      -1.0530748941541259      -1.0530878852680632      -1.0530878852684438      -1.0530748937996304      -1.0530748937997960      -1.0530878838500797      -1.0530878838500410      -1.0530795177232553      -1.0530795177231358      -1.0531063827018519      -1.0531063827018008
    1.700000      -1.0426303920777182      -1.0426348234890765      -1.0426348234890703      -1.0426481181417584      -1.0426481181422194      -1.0426348231274809      -1.0426348231276803      -1.0426481166954793      -1.0426481166954371      -1.0426395095698457      -1.0426395095704728      -1.0426668664976084      -1.0426668664975614
    1.800000      -1.0337727856512435      -1.0337772848004962      -1.0337772848003692      -1.0337907827060353      -1.0337907827065638      -1.0337772844420217      -1.0337772844422481      -1.0337907812727809      -1.0337907812727436      -1.0337818814469597      -1.0337818814469482      -1.0338091742173248      -1.0338091742172675
    1.900000      -1.0264074227125599      -1.0264119613288580      -1.0264119613287341      -1.0264255776528377      -1.0264255776534141      -1.0264119609808224      -1.0264119609810556      -1.0264255762613708      -1.0264255762613441      -1.0264163328333475      -1.0264163328333338      -1.0264430694003501      -1.0264430694002860
    2.000000      -1.0203972291574726      -1.0204017850977101      -1.0204017850975780      -1.0204154534126657      -1.0204154534132512      -1.0204017847638402      -1.0204017847640692      -1.0204154520779052      -1.0204154520778850      -1.0204058265326641      -1.0204058265326492      -1.0204316254926384      -1.0204316254925569
    2.100000      -1.0155773745326830      -1.0155819319180737      -1.0155819319179638      -1.0155956045686847      -1.0155956045692509      -1.0155819315991090      -1.0155819315993211      -1.0155956032934144      -1.0155956032933922      -1.0155855763974588      -1.0155855763974364      -1.0156101891771836      -1.0156101891771070
    2.200000      -1.0117720347483157      -1.0117765833426335      -1.0117765833430503      -1.0117902296321784      -1.0117902296317256      -1.0117765830375891      -1.0117765830377934      -1.0117902284096840      -1.0117902284104903      -1.0117798015356971      -1.0117798015356725      -1.0118031091691952      -1.0118031091691269
    2.300000      -1.0088083018022165      -1.0088128359862887      -1.0088128359870574      -1.0088264390209827      -1.0088264390202797      -1.0088128356923540      -1.0088128356925465      -1.0088264378418637      -1.0088264378420291      -1.0088156298647444      -1.0088156298647295      -1.0088376211281929      -1.0088376211281267
    2.400000      -1.0065264055779315      -1.0065309231106305      -1.0065309231111021      -1.0065444762048001      -1.0065444762043045      -1.0065309228241335      -1.0065309228243171      -1.0065444750565093      -1.0065444750569521      -1.0065333169868913      -1.0065333169868764      -1.0065540579459265      -1.0065540579458723
    2.500000      -1.0047859013704381      -1.0047904023158509      -1.0047904023168057      -1.0048039056463123      -1.0048039056459859      -1.0047904020348382      -1.0047904020347587      -1.0048039045173818      -1.0048039045180179      -1.0047924338703957      -1.0047924338703884      -1.0048120376152503      -1.0048120376152041
    2.600000      -1.0034681970221604      -1.0034726828126763      -1.0034726828129432      -1.0034861406785929      -1.0034861406782911      -1.0034726825332332      -1.0034726825331626      -1.0034861395591619      -1.0034861395598023      -1.0034743957162884      -1.0034743957162795      -1.0034929974988900      -1.0034929974988527
    2.700000      -1.0024763100674943      -1.0024807828379674      -1.0024807828382032      -1.0024942016416527      -1.0024942016413616      -1.0024807825588340      -1.0024807825587754      -1.0024942005244160      -1.0024942005244104      -1.0024822215246076      -1.0024822215246063      -1.0024999610275562      -1.0024999610275278
    2.800000      -1.0017328976254412      -1.0017373597548882      -1.0017373597552295      -1.0017507466233739      -1.0017507466231164      -1.0017373594747805      -1.0017373594747359      -1.0017507455015187      -1.0017507455015131      -1.0017385661764984      -1.0017385661764979      -1.0017555763956130      -1.0017555763955950
    2.900000      -1.0011774638564230      -1.0011819176718326      -1.0011819176722625      -1.0011952795959227      -1.0011952795957062      -1.0011819173895435      -1.0011819173895329      -1.0011952784646843      -1.0011952784646858      -1.0011829295943711      -1.0011829295943731      -1.0011993308529008      -1.0011993308528877
    3.000000      -1.0007633843063504      -1.0007678319315374      -1.0007678319318962      -1.0007811752790652      -1.0007811752788511      -1.0007678316458710      -1.0007678316458886      -1.0007811741346817      -1.0007811741338783      -1.0007686822812722      -1.0007686822812718      -1.0007845797726189      -1.0007845797726078
    3.100000      -1.0004551231208763      -1.0004595663914770      -1.0004595663918774      -1.0004728966761938      -1.0004728966760092      -1.0004595661018689      -1.0004595661019200      -1.0004728955158619      -1.0004728955152358      -1.0004602832474463      -1.0004602832474507      -1.0004757667719499      -1.0004757667719393
    3.200000      -1.0002258194103741      -1.0002302598585202      -1.0002302598588804      -1.0002435816723509      -1.0002435816722359      -1.0002302595643071      -1.0002302595643795      -1.0002435804938585      -1.0002435804934966      -1.0002308667963513      -1.0002308667963526      -1.0002460117234881      -1.0002460117234757
    3.300000      -1.0000552925824042      -1.0000597314429349      -1.0000597314433555      -1.0000730484888027      -1.0000730484888947      -1.0000597311439385      -1.0000597311439829      -1.0000730472906163      -1.0000730472905435      -1.0000602480412022      -1.0000602480412044      -1.0000751168565034      -1.0000751168564967
    3.400000      -0.9999284473755232      -0.9999328856149599      -0.9999328856154259      -0.9999462007939253      -0.9999462007939057      -0.9999328853107372      -0.9999328853107894      -0.9999461995743839      -0.9999461995748009      -0.9999333280051228      -0.9999333280052143      -0.9999479720486197      -0.9999479720486044
    3.500000      -0.9998340279832686      -0.9998384663391072      -0.9998384663395851      -0.9998517818633353      -0.9998517818631681      -0.9998384660294838      -0.9998384660295571      -0.9998517806223109      -0.9998517806226760      -0.9998388477379877      -0.9998388477379209      -0.9998533089111182      -0.9998533089111034
    3.600000      -0.9997636609969562      -0.9997681000157397      -0.9997681000162060      -0.9997814175271893      -0.9997814175269895      -0.9997680997006750      -0.9997680997007543      -0.9997814162644625      -0.9997814162647345      -0.9997684312063981      -0.9997684312063306      -0.9997827435349778      -0.9997827435349675
    3.700000      -0.9997111286281333      -0.9997155687053001      -0.9997155687057435      -0.9997288893884582      -0.9997288893882676      -0.9997155683847732      -0.9997155683848540      -0.9997288881040762      -0.9997288881042721      -0.9997158584567363      -0.9997158584566779      -0.9997300494627321      -0.9997300494627228
    3.800000      -0.9996718208474099      -0.9996762622582182      -0.9996762622586485      -0.9996895869401806      -0.9996895869399901      -0.9996762619323653      -0.9996762619324494      -0.9996895856345286      -0.9996895856346938      -0.9996765176829848      -0.9996765176829262      -0.9996906095571959      -0.9996906095571857
    3.900000      -0.9996423240848041      -0.9996467670137507      -0.9996467670141206      -0.9996600962486385      -0.9996600962484651      -0.9996467666826890      -0.9996467666827645      -0.9996600949223319      -0.9996600949224824      -0.9996469938679099      -0.9996469938678633      -0.9996610044553772      -0.9996610044553719
    4.000000      -0.9996201131400179      -0.9996245577034731      -0.9996245577038422      -0.9996378918411409      -0.9996378918410128      -0.9996245573674362      -0.9996245573675108      -0.9996378904950015      -0.9996378904951483      -0.9996247606367842      -0.9996247606367473      -0.9996387042558300      -0.9996387042558247
    4.100000      -0.9996033207944619      -0.9996077670594090      -0.9996077670597423      -0.9996211062990854      -0.9996211062989220      -0.9996077667186032      -0.9996077667186918      -0.9996211049340558      -0.9996211049342250      -0.9996079498225632      -0.9996079498225305      -0.9996218379410375      -0.9996218379410313
    4.200000      -0.9995905659503460      -0.9995950139479125      -0.9995950139486024      -0.9996083583795971      -0.9996083583794201      -0.9995950136030790      -0.9995950136031667      -0.9996083569967603      -0.9996083569969455      -0.9995951795647561      -0.9995951795647223      -0.9996090213562808      -0.9996090213562744
    4.300000      -0.9995808259302525      -0.9995852756605066      -0.9995852756608237      -0.9995986252933995      -0.9995986252932227      -0.9995852753110623      -0.9995852753111492      -0.9995986238938479      -0.9995986238940584      -0.9995854265681687      -0.9995854265681401      -0.9995992293685965      -0.9995992293685934
    4.400000      -0.9995733420449061      -0.9995777934935791      -0.9995777934939364      -0.9995911482805936      -0.9995911482804164      -0.9995777931402968      -0.9995777931403779      -0.9995911468654178      -0.9995911468656350      -0.9995779316623449      -0.9995779316623249      -0.9995917013434349      -0.9995917013434331
    4.500000      -0.9995675502021354      -0.9995720033393410      -0.9995720033396723      -0.9995853631905288      -0.9995853631903718      -0.9995720029824061      -0.9995720029824667      -0.9995853617608573      -0.9995853617610558      -0.9995721303671073      -0.9995721303670889      -0.9995858716414371      -0.9995858716414306
    4.600000      -0.9995630300963140      -0.9995674848814681      -0.9995674848818231      -0.9995808496757032      -0.9995808496755519      -0.9995674845212362      -0.9995674845212544      -0.9995808482326106      -0.9995808482327370      -0.9995676020732999      -0.9995676020732848      -0.9995813187417014      -0.9995813187416983
    4.700000      -0.9995594681019907      -0.9995639244869486      -0.9995639244873354      -0.9995772940793529      -0.9995772940792415      -0.9995639241236386      -0.9995639241236592      -0.9995772926238983      -0.9995772926238929      -0.9995640329186298      -0.9995640329186187      -0.9995777280694084      -0.9995777280694026
    4.800000      -0.9995566301146329      -0.9995610880450335      -0.9995610880454090      -0.9995744622724873      -0.9995744622724120      -0.9995610876788344      -0.9995610876788842      -0.9995744608056322      -0.9995744608055651      -0.9995611886139933      -0.9995611886139829      -0.9995748647815276      -0.9995748647815222
    4.900000      -0.9995543415445629      -0.9995588009624292      -0.9995588009628862      -0.9995721796481538      -0.9995721796481103      -0.9995588005936760      -0.9995588005937242      -0.9995721781706899      -0.9995721781706597      -0.9995588944280405      -0.9995588944280338      -0.9995725537174163      -0.9995725537174125
    5.000000      -0.9995524724462164      -0.9995569332875314      -0.9995569332880365      -0.9995703162442735      -0.9995703162442637      -0.9995569329164178      -0.9995569329164677      -0.9995703147571526      -0.9995703147570683      -0.9995570203017503      -0.9995570203017403      -0.9995706644850424      -0.9995706644851587
