# molecule         = H2
# geometry         = H 0 0 0; H 0 0 {R:.6f}
# basis            = sadlej
# basis_source     = sadlej.gbs
# lambda           = 0.050000
# omega            = 0.020100
# mode_dir         = [1.0, 0.0, 0.0]
# scheme           = general
# offdiag          = none
# method           = QED-FCI
# nboson_max       = 8
# n_fock_states    = 9
# ff_step_h        = 0.001
# n_field_points   = 13
# fci_tol          = 1e-11
# fci_max_cycle    = 300
# scf_conv_tol     = 1e-12
# center_geometry  = True
# frozen_core_orbitals = 0
# coherent_state   = True
# z_selfconsistent_iter = 0
# R_range_Ang      = 0.4:0.1:5.0
# R_e_ref_Ang      = 0.7414
# pyscf            = 2.11.0
# python           = 3.13.12
# host             = fedora
# date             = 2026-08-17 22:12:57
# columns          = R,mu_abs,mu_x,mu_y,mu_z,a_xx,a_yy,a_zz,a_xz,a_iso,err_xx,err_yy,err_zz,dse_mu_z,dse_a_xx,dse_a_yy,dse_a_zz,dse_a_iso,boson_gap,status
#             R         mu_abs           mu_x           mu_y           mu_z           a_xx           a_yy           a_zz           a_xz          a_iso         err_xx         err_yy         err_zz       dse_mu_z       dse_a_xx       dse_a_yy       dse_a_zz      dse_a_iso      boson_gap         status
     0.400000  FAILED  # быстрая свёртка расходится с эталонной
     0.500000       0.000000       0.000000      -0.000000      -0.000000       2.892743       2.894077       3.977317       0.000000       3.254712       0.000016       0.000016       0.000086       0.000000       2.870507       2.893549       3.976068       3.246708            nan  OK
     0.600000       0.000000       0.000000      -0.000000       0.000000       3.457213       3.458387       4.921571       0.000000       3.945724       0.000048       0.000048       0.000137      -0.000000       3.425556       3.457679       4.919854       3.934363            nan  OK
     0.700000       0.000000      -0.000000      -0.000000       0.000000       4.062317       4.062818       6.032241       0.000000       4.719125       0.000056       0.000055       0.000172      -0.000000       4.018750       4.061856       6.029898       4.703501            nan  OK
     0.800000       0.000000      -0.000000      -0.000000       0.000000       4.689419       4.688671       7.298582       0.000000       5.558891       0.000071       0.000070       0.000222      -0.000000       4.631613       4.687440       7.295511       5.538188            nan  OK
     0.900000       0.000000      -0.000000      -0.000000      -0.000000       5.320506       5.317954       8.700924       0.000000       6.446461       0.000094       0.000092       0.000292      -0.000000       5.246443       5.316454       8.697034       6.419977            nan  OK
     1.000000       0.000000      -0.000000      -0.000000      -0.000000       5.938526       5.933718      10.207118       0.000000       7.359787       0.000105       0.000103       0.000365       0.000000       5.846645       5.931925      10.202299       7.326956            nan  OK
     1.100000       0.000000      -0.000000      -0.000000       0.000000       6.527416       6.520073      11.769219       0.000000       8.272236       0.000131       0.000127       0.000475      -0.000000       6.416854       6.518011      11.763419       8.232762            nan  OK
     1.200000       0.000000      -0.000000      -0.000000       0.000000       7.072615       7.062671      13.322299       0.000000       9.152528       0.000150       0.000145       0.000612      -0.000000       6.943242       7.060337      13.315448       9.106342            nan  OK
     1.300000       0.000000      -0.000000      -0.000000       0.000000       7.561428       7.549043      14.786227       0.000000       9.965566       0.000156       0.000152       0.000784       0.000000       7.413925       7.546426      14.778264       9.912872            nan  OK
     1.400000       0.000000      -0.000000      -0.000000      -0.000000       7.983653       7.969199      16.072057       0.000000      10.674970       0.000169       0.000165       0.001026      -0.000000       7.819530       7.966326      16.062975      10.616277            nan  OK
     1.500000       0.000000      -0.000000      -0.000000       0.000000       8.332541       8.316547      17.093378       0.000000      11.247489       0.000190       0.000185       0.001351       0.000000       8.153991       8.313448      17.083207      11.183549            nan  OK
     1.600000       0.000000      -0.000000      -0.000000       0.000000       8.605664       8.588738      17.780938       0.000000      11.658447       0.000206       0.000201       0.001745      -0.000000       8.415334       8.585427      17.769740      11.590167            nan  OK
     1.700000       0.000000      -0.000000      -0.000000      -0.000000       8.805350       8.788085      18.096954       0.000000      11.896796       0.000221       0.000216       0.002188      -0.000000       8.606102       8.784590      18.084866      11.825186            nan  OK
     1.800000       0.000000      -0.000000      -0.000000       0.000000       8.938501       8.921391      18.044340       0.000000      11.968077       0.000229       0.000224       0.002633      -0.000000       8.733108       8.917734      18.031564      11.894135            nan  OK
     1.900000       0.000000      -0.000000      -0.000000       0.000000       9.015525       8.998912      17.666660       0.000000      11.893699       0.000240       0.000234       0.003034      -0.000000       8.806459       8.995136      17.653479      11.818358            nan  OK
     2.000000       0.000000      -0.000000      -0.000000       0.000000       9.048793       9.032852      17.038230       0.000000      11.706625       0.000247       0.000242       0.003337      -0.000000       8.838042       9.028992      17.024956      11.630663            nan  OK
     2.100000       0.000000      -0.000000      -0.000000       0.000000       9.050848       9.035607      16.247684       0.000000      11.444713       0.000251       0.000246       0.003508      -0.000000       8.839865       9.031696      16.234619      11.368727            nan  OK
     2.200000       0.000000      -0.000000      -0.000000       0.000000       9.032965       9.018351      15.381047       0.000000      11.144121       0.000247       0.000242       0.003536      -0.000000       8.822694       9.014408      15.368447      11.068516            nan  OK
     2.300000       0.000000      -0.000000      -0.000000       0.000000       9.004249       8.990132      14.509432       0.000000      10.834605       0.000242       0.000237       0.003444      -0.000000       8.795225       8.986183      14.497496      10.759635            nan  OK
     2.400000       0.000000      -0.000000      -0.000000       0.000000       8.971387       8.957620      13.683518       0.000000      10.537508       0.000243       0.000239       0.003267       0.000000       8.763844       8.953694      13.672385      10.463308            nan  OK
     2.500000       0.000000      -0.000000       0.000000       0.000000       8.938852       8.925298      12.933866       0.000000      10.266005       0.000247       0.000243       0.003032      -0.000000       8.732805       8.921410      12.923598      10.192605            nan  OK
     2.600000       0.000000       0.000000       0.000000       0.000000       8.909320       8.895863      12.274609       0.000000      10.026597       0.000245       0.000239       0.002758      -0.000000       8.704640       8.892007      12.265197       9.953948            nan  OK
     2.700000       0.000000       0.000000       0.000000       0.000000       8.884119       8.870661      11.708206       0.000000       9.820995       0.000238       0.000234       0.002476       0.000000       8.680616       8.866836      11.699612       9.749021            nan  OK
     2.800000       0.000000      -0.000000       0.000000      -0.000000       8.863672       8.850147      11.229878       0.000000       9.647899       0.000237       0.000229       0.002202      -0.000000       8.661148       8.846355      11.222043       9.576515            nan  OK
     2.900000       0.000000      -0.000000      -0.000000      -0.000000       8.847866       8.834209      10.830988       0.000000       9.504354       0.000239       0.000233       0.001952      -0.000000       8.646120       8.830462      10.823850       9.433477            nan  OK
     3.000000       0.000000      -0.000000      -0.000000      -0.000000       8.836286       8.822453      10.501395       0.000000       9.386711       0.000234       0.000232       0.001721      -0.000000       8.635120       8.818739      10.494868       9.316242            nan  OK
     3.100000       0.000000      -0.000000      -0.000000      -0.000000       8.828343       8.814306      10.230825       0.000000       9.291158       0.000232       0.000229       0.001514      -0.000000       8.627598       8.810621      10.224829       9.221016            nan  OK
     3.200000       0.000000      -0.000000      -0.000000       0.000000       8.823420       8.809153      10.009694       0.000000       9.214089       0.000233       0.000230       0.001334      -0.000000       8.622963       8.805500      10.004158       9.144207            nan  OK
     3.300000       0.000000       0.000000      -0.000000       0.000000       8.820937       8.806422       9.829491       0.000000       9.152283       0.000229       0.000226       0.001174       0.000000       8.620649       8.802789       9.824340       9.082593            nan  OK
     3.400000       0.000000       0.000000      -0.000000      -0.000000       8.820348       8.805572       9.682853       0.000000       9.102924       0.000227       0.000225       0.001037       0.000000       8.620148       8.801962       9.678030       9.033380            nan  OK
     3.500000       0.000000       0.000000      -0.000000       0.000000       8.821199       8.806156       9.563574       0.000000       9.063643       0.000227       0.000224       0.000920       0.000000       8.621020       8.802567       9.559027       8.994205            nan  OK
     3.600000       0.000000       0.000000      -0.000000       0.000000       8.823113       8.807799       9.466487       0.000000       9.032467       0.000225       0.000222       0.000819       0.000000       8.622904       8.804228       9.462167       8.963100            nan  OK
     3.700000       0.000000       0.000000      -0.000000       0.000000       8.825784       8.810200       9.387329       0.000000       9.007771       0.000225       0.000222       0.000733      -0.000000       8.625508       8.806646       9.383196       8.938450            nan  OK
     3.800000       0.000000       0.000000      -0.000000       0.000000       8.828976       8.813127       9.322616       0.000000       8.988239       0.000223       0.000220       0.000660      -0.000000       8.628606       8.809588       9.318635       8.918943            nan  OK
     3.900000       0.000000       0.000000      -0.000000       0.000000       8.832505       8.816399       9.269510       0.000000       8.972805       0.000222       0.000219       0.000597      -0.000000       8.632024       8.812874       9.265652       8.903517            nan  OK
     4.000000       0.000000       0.000000      -0.000000       0.000000       8.836236       8.819883       9.225712       0.000000       8.960610       0.000221       0.000218       0.000544      -0.000000       8.635632       8.816371       9.221954       8.891319            nan  OK
     4.100000       0.000000       0.000000      -0.000000       0.000000       8.840069       8.823482       9.189367       0.000000       8.950973       0.000220       0.000217       0.000499       0.000000       8.639335       8.819982       9.185689       8.881669            nan  OK
     4.200000       0.000000       0.000000      -0.000000       0.000000       8.843932       8.827123       9.158985       0.000000       8.943347       0.000220       0.000217       0.000461       0.000000       8.643065       8.823635       9.155371       8.874024            nan  OK
     4.300000       0.000000       0.000000      -0.000000       0.000000       8.847774       8.830757       9.133373       0.000000       8.937301       0.000219       0.000217       0.000429       0.000000       8.646772       8.827280       9.129809       8.867954            nan  OK
     4.400000       0.000000       0.000000      -0.000000       0.000000       8.851557       8.834346       9.111582       0.000000       8.932495       0.000218       0.000215       0.000401      -0.000000       8.650421       8.830878       9.108057       8.863119            nan  OK
     4.500000       0.000000       0.000000      -0.000000       0.000000       8.855253       8.837863       9.092861       0.000000       8.928659       0.000217       0.000215       0.000378      -0.000000       8.653985       8.834404       9.089366       8.859252            nan  OK
     4.600000       0.000000       0.000000      -0.000000       0.000000       8.858845       8.841288       9.076620       0.000000       8.925584       0.000217       0.000214       0.000358      -0.000000       8.657446       8.837837       9.073149       8.856144            nan  OK
     4.700000       0.000000       0.000000      -0.000000       0.000000       8.862315       8.844605       9.062396       0.000000       8.923105       0.000217       0.000214       0.000341      -0.000000       8.660791       8.841163       9.058945       8.853633            nan  OK
     4.800000       0.000000       0.000000      -0.000000       0.000000       8.865658       8.847805       9.049835       0.000000       8.921099       0.000216       0.000213       0.000326      -0.000000       8.664010       8.844370       9.046398       8.851592            nan  OK
     4.900000       0.000000       0.000000      -0.000000      -0.000000       8.868864       8.850881       9.038658       0.000000       8.919468       0.000214       0.000211       0.000311      -0.000000       8.667095       8.847450       9.035229       8.849925            nan  OK
     5.000000       0.000000       0.000000      -0.000000       0.000000       8.871925       8.853823       9.028647       0.000000       8.918132       0.000212       0.000210       0.000299      -0.000000       8.670042       8.850396       9.025225       8.848554       0.000000  OK
