# molecule         = H2
# geometry         = H 0 0 0; H 0 0 {R:.6f}
# basis            = sadlej
# basis_source     = sadlej.gbs
# lambda           = 0.050000
# omega            = 0.020100
# mode_dir         = [1.0, 0.0, 0.0]
# scheme           = general
# offdiag          = none
# method           = QED-FCI
# nboson_max       = 8
# n_fock_states    = 9
# ff_step_h        = 0.001
# n_field_points   = 13
# fci_tol          = 1e-11
# fci_max_cycle    = 300
# scf_conv_tol     = 1e-12
# center_geometry  = True
# frozen_core_orbitals = 0
# coherent_state   = True
# z_selfconsistent_iter = 0
# R_range_Ang      = 0.4:0.1:5.0
# R_e_ref_Ang      = 0.7414
# pyscf            = 2.11.0
# python           = 3.13.12
# host             = fedora
# date             = 2026-08-17 22:12:57
# columns          = R,fci[0],fci[+x],fci[-x],fci[+2x],fci[-2x],fci[+y],fci[-y],fci[+2y],fci[-2y],fci[+z],fci[-z],fci[+2z],fci[-2z]
    0.500000      -1.0689766608269522      -1.0689781072010847      -1.0689781072010189      -1.0689824463552771      -1.0689824463552677      -1.0689781078680365      -1.0689781078681129      -1.0689824490232083      -1.0689824490232402      -1.0689786494999332      -1.0689786495000233      -1.0689846156916916      -1.0689846156919132
    0.600000      -1.1317053602370912      -1.1317070888516028      -1.1317070888514464      -1.1317122747904234      -1.1317122747904109      -1.1317070894382562      -1.1317070894384276      -1.1317122771372123      -1.1317122771372083      -1.1317078210457525      -1.1317078210457019      -1.1317152037466640      -1.1317152037465090
    0.700000      -1.1556340881048612      -1.1556361192724340      -1.1556361192724993      -1.1556422128868689      -1.1556422128868351      -1.1556361195232197      -1.1556361195232356      -1.1556422138887377      -1.1556422138887386      -1.1556371042537705      -1.1556371042537559      -1.1556461530442705      -1.1556461530441902
    0.800000      -1.1591781256381943      -1.1591804703592463      -1.1591804703593862      -1.1591875046638680      -1.1591875046637938      -1.1591804699852399      -1.1591804699852604      -1.1591875031654708      -1.1591875031654646      -1.1591817749662008      -1.1591817749662128      -1.1591927233937320      -1.1591927233938699
    0.900000      -1.1518973496801306      -1.1519000099486068      -1.1519000099488690      -1.1519079909421903      -1.1519079909420402      -1.1519000086722586      -1.1519000086722977      -1.1519079858329269      -1.1519079858329189      -1.1519017001905960      -1.1519017001906096      -1.1519147523052364      -1.1519147523052287
    1.000000      -1.1390383670852535      -1.1390413363654357      -1.1390413363658429      -1.1390502444170911      -1.1390502444171893      -1.1390413339614898      -1.1390413339615604      -1.1390502347956626      -1.1390502347956493      -1.1390434707049608      -1.1390434707049710      -1.1390587822944354      -1.1390587822944318
    1.100000      -1.1236108169382131      -1.1236140806674570      -1.1236140806680546      -1.1236238721178800      -1.1236238721177254      -1.1236140769960119      -1.1236140769961118      -1.1236238574241433      -1.1236238574241193      -1.1236167016267671      -1.1236167016267542      -1.1236343566430520      -1.1236343566430256
    1.200000      -1.1073986074251980      -1.1074021437572501      -1.1074021437580277      -1.1074127530545632      -1.1074127530542817      -1.1074021387850479      -1.1074021387851936      -1.1074127331556594      -1.1074127331556363      -1.1074052686766698      -1.1074052686762874      -1.1074252536535023      -1.1074252536534721
    1.300000      -1.0914821654315929      -1.0914859461716211      -1.0914859461716091      -1.0914972887032972      -1.0914972887028180      -1.0914859399783765      -1.0914859399783912      -1.0914972639219815      -1.0914972639219584      -1.0914895586755695      -1.0914895586755633      -1.0915117399746515      -1.0915117399746119
    1.400000      -1.0765185877982102      -1.0765225796529108      -1.0765225796528879      -1.0765345555556305      -1.0765345555548773      -1.0765225724250378      -1.0765225724250556      -1.0765345266345936      -1.0765345266345632      -1.0765266239978066      -1.0765266239978042      -1.0765507346484795      -1.0765507346484182
    1.500000      -1.0628946629689648      -1.0628988292711994      -1.0628988292711792      -1.0629113285581744      -1.0629113285570768      -1.0628988212734032      -1.0628988212734325      -1.0629112965564795      -1.0629112965564469      -1.0629032098833513      -1.0629032098826092      -1.0629288533274521      -1.0629288533273753
    1.600000      -1.0508134579213759      -1.0508177607877920      -1.0508177607877571      -1.0508306697994430      -1.0508306697979515      -1.0508177523238555      -1.0508177523238977      -1.0508306359324693      -1.0508306359324295      -1.0508223486812129      -1.0508223486809953      -1.0508490244496298      -1.0508490244495594
    1.700000      -1.0403471289213324      -1.0403515316333509      -1.0403515316333087      -1.0403647402128282      -1.0403647402108933      -1.0403515229997229      -1.0403515229997793      -1.0403647056666299      -1.0403647056665846      -1.0403561777625865      -1.0403561777632593      -1.0403833286636885      -1.0403833286636304
    1.800000      -1.0314725038071169      -1.0314769730957902      -1.0314769730957698      -1.0314903814216323      -1.0314903814192551      -1.0314769645397366      -1.0314769645398068      -1.0314903471854837      -1.0314903471854380      -1.0314815264160888      -1.0314815264160782      -1.0315085995080246      -1.0315085995079700
    1.900000      -1.0240976572109295      -1.0241021650135991      -1.0241021650136182      -1.0241156889023710      -1.0241156888995857      -1.0241021567060919      -1.0241021567061714      -1.0241156556603077      -1.0241156556602684      -1.0241064910464805      -1.0241064910464666      -1.0241329986215753      -1.0241329986215080
    2.000000      -1.0180837658918069      -1.0180882903296868      -1.0180882903296902      -1.0181018641389104      -1.0181018641357393      -1.0180882823580453      -1.0180882823581361      -1.0181018322406008      -1.0181018322405762      -1.0180922855631342      -1.0180922855631145      -1.0181178512507336      -1.0181178512506495
    2.100000      -1.0132642988549774      -1.0132688243209058      -1.0132688243209114      -1.0132824012217616      -1.0132824012182609      -1.0132688166996262      -1.0132688166997135      -1.0132823707252339      -1.0132823707252081      -1.0132724232815609      -1.0132724232815449      -1.0132968035767822      -1.0132968035767005
    2.200000      -1.0094619370594891      -1.0094664535830240      -1.0094664535830531      -1.0094800036491018      -1.0094800036451930      -1.0094664462751251      -1.0094664462752145      -1.0094799744056673      -1.0094799744063367      -1.0094696281723989      -1.0094696281723834      -1.0094927085835237      -1.0094927085834555
    2.300000      -1.0065025739396929      -1.0065070761045893      -1.0065070761047301      -1.0065205830848947      -1.0065205830840931      -1.0065070690451996      -1.0065070690453808      -1.0065205548362894      -1.0065205548364566      -1.0065098292297687      -1.0065098292297527      -1.0065316019872312      -1.0065316019871671
    2.400000      -1.0042255594962093      -1.0042300452299422      -1.0042300452301796      -1.0042435029207053      -1.0042435029164702      -1.0042300383460603      -1.0042300383461433      -1.0042434753733158      -1.0042434753739542      -1.0042324017996491      -1.0042324017996305      -1.0042529352432801      -1.0042529352432221
    2.500000      -1.0024898596070209      -1.0024943290743464      -1.0024943290744543      -1.0025077379727598      -1.0025077379684126      -1.0024943222965714      -1.0024943222963838      -1.0025077108506180      -1.0025077108513187      -1.0024963270454195      -1.0024963270454026      -1.0025157354244758      -1.0025157354244245
    2.600000      -1.0011765283076617      -1.0011809830088394      -1.0011809830079570      -1.0011943476026299      -1.0011943475981064      -1.0011809762791850      -1.0011809762790154      -1.0011943206712932      -1.0011943206712861      -1.0011826660720584      -1.0011826660720520      -1.0012010848819253      -1.0012010848818851
    2.700000      -1.0001884039262632      -1.0001928460258500      -1.0001928460247047      -1.0002061728007716      -1.0002061727960700      -1.0001928392957034      -1.0001928392955584      -1.0002061458709479      -1.0002061458709377      -1.0001942584417107      -1.0001942584417061      -1.0002118269392981      -1.0002118269392675
    2.800000      -0.9994480838955724      -0.9994525157711318      -0.9994525157712890      -0.9994658118745277      -0.9994658118701738      -0.9994525090071882      -0.9994525090071056      -0.9994657848007509      -0.9994657848007822      -0.9994536992013128      -0.9994536992013312      -0.9994705495216389      -0.9994705495216420
    2.900000      -0.9988950882898688      -0.9988995122626931      -0.9988995122626929      -0.9989127846604520      -0.9989127846560066      -0.9988995054325009      -0.9988995054337755      -0.9989127573298404      -0.9989127573289838      -0.9989005041094148      -0.9989005041094474      -0.9989167554719480      -0.9989167554719576
    3.000000      -0.9984828518711162      -0.9984872700531457      -0.9984872700527030      -0.9985005250689836      -0.9985005250642098      -0.9984872631356181      -0.9984872631368178      -0.9985004973950180      -0.9985004973943046      -0.9984881028553760      -0.9984881028553789      -0.9985038592500235      -0.9985038592500128
    3.100000      -0.9981759189133071      -0.9981803331236082      -0.9981803331232103      -0.9981935762193878      -0.9981935762146686      -0.9981803261038825      -0.9981803261049452      -0.9981935481365943      -0.9981935481361640      -0.9981810345782284      -0.9981810345782302      -0.9981963846007748      -0.9981963846007605
    3.200000      -0.9979475148079003      -0.9979519265566849      -0.9979519265562565      -0.9979651622693110      -0.9979651622654194      -0.9979519194222276      -0.9979519194232317      -0.9979651337274656      -0.9979651337272687      -0.9979525198771405      -0.9979525198771334      -0.9979675377537830      -0.9979675377537703
    3.300000      -0.9977775421688820      -0.9977819526755306      -0.9977819526750581      -0.9977951846534928      -0.9977951846499494      -0.9977819454171916      -0.9977819454179685      -0.9977951556154948      -0.9977951556152523      -0.9977824571098836      -0.9977824571098793      -0.9977972042799567      -0.9977972042799431
    3.400000      -0.9976509806246292      -0.9976553908367007      -0.9976553908361196      -0.9976686219286530      -0.9976686219246833      -0.9976553834478934      -0.9976553834486970      -0.9976685923689999      -0.9976685923686099      -0.9976558222237786      -0.9976558222238749      -0.9976703490952621      -0.9976703490952421
    3.500000      -0.9975566384283329      -0.9975610490661139      -0.9975610490654473      -0.9975742814335083      -0.9975742814289438      -0.9975610415434372      -0.9975610415438702      -0.9975742513366040      -0.9975742513367550      -0.9975614203687490      -0.9975614203686932      -0.9975757680296636      -0.9975757680296452
    3.600000      -0.9974861947871101      -0.9974906063817308      -0.9974906063810618      -0.9975038416172843      -0.9975038416126663      -0.9974905987236649      -0.9974905987238374      -0.9975038109779781      -0.9975038109779788      -0.9974909281671178      -0.9974909281670576      -0.9975051299452387      -0.9975051299452216
    3.700000      -0.9974334736890380      -0.9974378866189211      -0.9974378866180824      -0.9974511258587657      -0.9974511258536760      -0.9974378788258131      -0.9974378788261618      -0.9974510946798731      -0.9974510946800310      -0.9974381674758079      -0.9974381674757455      -0.9974522503025396      -0.9974522503025307
    3.800000      -0.9973938973350488      -0.9973983118604063      -0.9973983118596267      -0.9974115558838742      -0.9974115558789459      -0.9973983039351272      -0.9973983039352311      -0.9974115241752702      -0.9974115241753042      -0.9973985587529478      -0.9973985587529069      -0.9974125443258407      -0.9974125443258234
    3.900000      -0.9973640764501247      -0.9973684927401462      -0.9973684927393870      -0.9973817420543100      -0.9973817420496075      -0.9973684846860941      -0.9973684846864633      -0.9973817098319190      -0.9973817098319230      -0.9973687113047273      -0.9973687113046804      -0.9973826170616970      -0.9973826170616896
    4.000000      -0.9973415038337109      -0.9973459219889090      -0.9973459219881978      -0.9973591768972535      -0.9973591768930233      -0.9973459138114088      -0.9973459138119484      -0.9973591441817050      -0.9973591441817445      -0.9973461167803009      -0.9973461167802605      -0.9973599567076946      -0.9973599567076860
    4.100000      -0.9973243254712061      -0.9973287455428519      -0.9973287455421393      -0.9973420061991907      -0.9973420061948990      -0.9973287372481028      -0.9973287372486130      -0.9973419730145672      -0.9973419730146067      -0.9973289202379381      -0.9973289202379070      -0.9973427055361954      -0.9973427055361912
    4.200000      -0.9973111699459910      -0.9973155919491129      -0.9973155919484403      -0.9973288583988212      -0.9973288583954333      -0.9973155835433928      -0.9973155835441275      -0.9973288247713291      -0.9973288247713700      -0.9973157495152972      -0.9973157495152715      -0.9973294891454844      -0.9973294891454744
    4.300000      -0.9973010217407963      -0.9973054456646215      -0.9973054456639794      -0.9973187178751146      -0.9973187178709950      -0.9973054371550338      -0.9973054371558048      -0.9973186838322510      -0.9973186838323751      -0.9973055884987643      -0.9973055884987425      -0.9973192896301448      -0.9973192896301399
    4.400000      -0.9972931275865949      -0.9972975534016181      -0.9972975534009968      -0.9973108312830267      -0.9973108312793196      -0.9972975447955289      -0.9972975447959306      -0.9973107968540457      -0.9973107968540768      -0.9972976834444541      -0.9972976834444319      -0.9973113518203042      -0.9973113518203068
    4.500000      -0.9972869275933068      -0.9972913552564152      -0.9972913552557875      -0.9973046386813417      -0.9973046386775589      -0.9972913465603185      -0.9972913465607557      -0.9973046038924954      -0.9973046038926970      -0.9972914740865547      -0.9972914740865432      -0.9973051143220465      -0.9973051143220434
    4.600000      -0.9972820048145835      -0.9972864342733695      -0.9972864342727487      -0.9972997230837880      -0.9972997230799922      -0.9972864254941834      -0.9972864254944623      -0.9972996879619275      -0.9972996879620638      -0.9972865431840522      -0.9972865431840477      -0.9973001590075302      -0.9973001590075276
    4.700000      -0.9972780483731697      -0.9972824795673177      -0.9972824795666525      -0.9972957735838351      -0.9972957735800015      -0.9972824707110503      -0.9972824707114712      -0.9972957381544062      -0.9972957381543642      -0.9972825796281878      -0.9972825796281707      -0.9972961740750689      -0.9972961740750640
    4.800000      -0.9972748264334336      -0.9972792592984875      -0.9972792592979182      -0.9972925583261399      -0.9972925583221562      -0.9972792503714346      -0.9972792503718130      -0.9972925226130437      -0.9972925226131798      -0.9972793514053232      -0.9972793514053148      -0.9972929269722525      -0.9972929269722429
    4.900000      -0.9972721662750870      -0.9972766007428024      -0.9972766007422920      -0.9972899045745030      -0.9972899045704842      -0.9972765917505042      -0.9972765917509732      -0.9972898686006690      -0.9972898686006397      -0.9972766856561532      -0.9972766856561539      -0.9972902444217833      -0.9972902444217735
    5.000000      -0.9972699394552111      -0.9972743754535742      -0.9972743754530327      -0.9972876838742510      -0.9972876838702252      -0.9972743664014363      -0.9972743664017949      -0.9972876476607282      -0.9972876476606356      -0.9972744538286109      -0.9972744538286031      -0.9972879975468387      -0.9972879975469644
