# molecule         = LiH
# geometry         = Li 0 0 0; H 0 0 {R:.6f}
# basis            = sadlej
# basis_source     = sadlej.gbs
# lambda           = 0.010000
# omega            = 0.006400
# mode_dir         = [0.0, 0.0, 1.0]
# scheme           = axial
# offdiag          = none
# method           = QED-FCI
# nboson_max       = 20
# n_fock_states    = 21
# ff_step_h        = 0.0005
# n_field_points   = 9
# fci_tol          = 1e-11
# fci_max_cycle    = 300
# scf_conv_tol     = 1e-12
# center_geometry  = True
# frozen_core_orbitals = 1
# coherent_state   = True
# z_selfconsistent_iter = 4
# R_range_Ang      = 0.8:0.1:6.0
# R_e_ref_Ang      = 1.5957
# pyscf            = 2.11.0
# python           = 3.13.12
# host             = fedora
# date             = 2026-08-14 10:15:53
# columns          = R,mu_abs,mu_x,mu_y,mu_z,a_xx,a_yy,a_zz,a_xz,a_iso,err_xx,err_yy,err_zz,dse_mu_z,dse_a_xx,dse_a_yy,dse_a_zz,dse_a_iso,boson_gap,status
#             R         mu_abs           mu_x           mu_y           mu_z           a_xx           a_yy           a_zz           a_xz          a_iso         err_xx         err_yy         err_zz       dse_mu_z       dse_a_xx       dse_a_yy       dse_a_zz      dse_a_iso      boson_gap         status
     0.800000       1.896352       0.000000       0.000000      -1.896352      27.298009      27.298009      13.322921       0.000000      22.639646       0.003365       0.003365       0.002775      -1.896365      27.294918      27.294918      13.298656      22.629498       0.000000  OK
     0.900000       1.908743       0.000000       0.000000      -1.908743      25.320762      25.320762      13.217066       0.000000      21.286196       0.002813       0.002813       0.002380      -1.908758      25.318127      25.318127      13.193929      21.276728            nan  OK
     1.000000       1.939178      -0.000000       0.000000      -1.939178      24.546476      24.546476      13.813829       0.000000      20.968927       0.002599       0.002599       0.002385      -1.939197      24.543974      24.543974      13.789084      20.959011            nan  OK
     1.100000       1.983619      -0.000000       0.000000      -1.983619      24.505374      24.505374      14.906442       0.000000      21.305730       0.002569       0.002569       0.002606      -1.983644      24.502800      24.502800      14.878060      21.294553            nan  OK
     1.200000       2.038965      -0.000000       0.000000      -2.038965      24.958483      24.958483      16.421932       0.000000      22.112966       0.002662       0.002662       0.003015      -2.038999      24.955687      24.955687      16.387866      22.099746            nan  OK
     1.300000       2.102963      -0.000000       0.000000      -2.102963      25.786089      25.786089      18.340007       0.000000      23.304062       0.002814       0.002814       0.003606      -2.103009      25.782872      25.782872      18.297764      23.287836            nan  OK
     1.400000       2.173818      -0.000000       0.000000      -2.173818      26.925611      26.925611      20.660579       0.000000      24.837267       0.003132       0.003132       0.004569      -2.173878      26.921975      26.921975      20.607244      24.817065            nan  OK
     1.500000       2.249898      -0.000000       0.000000      -2.249898      28.332390      28.332390      23.399273       0.000000      26.688018       0.003493       0.003493       0.005879      -2.249978      28.328116      28.328116      23.330894      26.662375            nan  OK
     1.600000       2.329692       0.000000       0.000000      -2.329692      29.966016      29.966016      26.594108       0.000000      28.842046       0.003938       0.003938       0.007700      -2.329797      29.960918      29.960918      26.505661      28.809166            nan  OK
     1.700000       2.411833      -0.000000       0.000000      -2.411833      31.796508      31.796508      30.311189       0.000000      31.301402       0.004474       0.004474       0.010188      -2.411972      31.790353      31.790353      30.196024      31.258910            nan  OK
     1.800000       2.495049       0.000000       0.000000      -2.495049      33.809089      33.809089      34.645679       0.000000      34.087953       0.005124       0.005124       0.013571      -2.495232      33.801600      33.801600      34.494858      34.032686            nan  OK
     1.900000       2.578064       0.000000       0.000000      -2.578064      36.002697      36.002697      39.722628       0.000000      37.242674       0.005912       0.005912       0.018181      -2.578303      35.993536      35.993536      39.524008      37.170360            nan  OK
     2.000000       2.659531      -0.000000       0.000000      -2.659531      38.386424      38.386424      45.700271       0.000000      40.824373       0.006834       0.006834       0.024428      -2.659844      38.375120      38.375120      45.437134      40.729124            nan  OK
     2.100000       2.737985       0.000000       0.000000      -2.737985      40.976495      40.976495      52.775865       0.000000      44.909618       0.007927       0.007927       0.032893      -2.738393      40.962493      40.962493      52.425158      44.783381            nan  OK
     2.200000       2.811804       0.000000       0.000000      -2.811804      43.794700      43.794700      61.193951       0.000000      49.594450       0.009212       0.009212       0.044274      -2.812335      43.777294      43.777294      60.723652      49.426080            nan  OK
     2.300000       2.879169       0.000000       0.000000      -2.879169      46.867490      46.867490      71.255353       0.000000      54.996778       0.010724       0.010724       0.059456      -2.879860      46.845831      46.845831      70.620988      54.770883            nan  OK
     2.400000       2.938035       0.000000       0.000000      -2.938035      50.225615      50.225615      83.325551       0.000000      61.258927       0.012504       0.012504       0.079412      -2.938930      50.198713      50.198713      82.465392      60.954273            nan  OK
     2.500000       2.986094       0.000000       0.000000      -2.986094      53.903897      53.903897      97.839264       0.000000      68.549019       0.014550       0.014550       0.104945      -2.987246      53.870580      53.870580      96.667918      68.136359            nan  OK
     2.600000       3.020759       0.000000       0.000000      -3.020759      57.940529      57.940529     115.295992       0.000000      77.059017       0.016921       0.016921       0.136349      -3.022231      57.899599      57.899599     113.696528      76.498575            nan  OK
     2.700000       3.039156       0.000000       0.000000      -3.039156      62.375996      62.375996     136.238893       0.000000      86.996962       0.019645       0.019645       0.172526      -3.041016      62.326347      62.326347     134.053736      86.235476            nan  OK
     2.800000       3.038167      -0.000000       0.000000      -3.038167      67.250779      67.250779     161.204954       0.000000      98.568838       0.022732       0.022732       0.209640      -3.040478      67.191628      67.191628     158.226881      97.536712            nan  OK
     2.900000       3.014523      -0.000000       0.000000      -3.014523      72.601282      72.601282     190.630775       0.000000     111.944446       0.026111       0.026111       0.239254      -3.017330      72.532672      72.532672     186.597221     110.554188            nan  OK
     3.000000       2.965007      -0.000000       0.000000      -2.965007      78.453884      78.453884     224.699091       0.000000     127.202287       0.029607       0.029607       0.246621      -2.968309      78.377122      78.377122     219.294757     125.349667            nan  OK
     3.100000       2.886785      -0.000000       0.000000      -2.886785      84.815672      84.815672     263.120865       0.000000     144.250736       0.033216       0.033216       0.210651      -2.890504      84.734377      84.734377     255.996267     141.821674            nan  OK
     3.200000       2.777906       0.000000       0.000000      -2.777906      91.663997      91.663997     304.878860       0.000000     162.735618       0.036672       0.036672       0.108262      -2.781844      91.584469      91.584469     295.691287     159.620075            nan  OK
     3.300000       2.637914       0.000000       0.000000      -2.637914      98.934681      98.934681     348.011646       0.000000     181.960336       0.039600       0.039600       0.073564      -2.641734      98.865995      98.865995     336.491838     178.074609            nan  OK
     3.400000       2.468479       0.000000       0.000000      -2.468479     106.513311     106.513311     389.581493       0.000000     200.869372       0.041709       0.041709       0.320798      -2.471717     106.466529     106.466529     375.614956     196.182671            nan  OK
     3.500000       2.273830       0.000000       0.000000      -2.273830     114.234812     114.234812     425.981386       0.000000     218.150337       0.042664       0.042664       0.579404      -2.275957     114.220751     114.220751     409.680870     212.707457            nan  OK
     3.600000       2.060708       0.000000       0.000000      -2.060708     121.894994     121.894994     453.634390       0.000000     232.474792       0.042288       0.042288       0.763756      -2.061254     121.921400     121.921400     435.370898     226.404566            nan  OK
     3.700000       1.837710       0.000000       0.000000      -1.837710     129.275335     129.275335     469.905182       0.000000     242.818618       0.040566       0.040566       0.792530      -1.836396     129.344231     129.344231     450.275011     236.321158            nan  OK
     3.800000       1.614090       0.000000       0.000000      -1.614090     136.174794     136.174794     473.831461       0.000000     248.727017       0.037677       0.037677       0.632696      -1.610910     136.281686     136.281686     453.563429     242.042267            nan  OK
     3.900000       1.398389      -0.000000       0.000000      -1.398389     142.438664     142.438664     466.309851       0.000000     250.395727       0.033949       0.033949       0.318506      -1.393602     142.573853     142.573853     446.142909     243.763538            nan  OK
     4.000000       1.197336      -0.000000       0.000000      -1.197336     147.975218     147.975218     449.671125       0.000000     248.540520       0.029849       0.029849       0.068633      -1.191381     148.126545     148.126545     430.242989     242.165359            nan  OK
     4.100000       1.015319      -0.000000       0.000000      -1.015319     152.756638     152.756638     426.912719       0.000000     244.141999       0.025698       0.025698       0.441285      -1.008691     152.912340     152.912340     408.690523     238.171734            nan  OK
     4.200000       0.854422      -0.000000       0.000000      -0.854422     156.807658     156.807658     400.963139       0.000000     238.192818       0.021775       0.021775       0.738314      -0.847578     156.958307     156.958307     384.224669     232.713761            nan  OK
     4.300000       0.714862       0.000000       0.000000      -0.714862     160.188579     160.188579     374.214673       0.000000     231.530610       0.018228       0.018228       0.934599      -0.708161     160.327785     160.327785     359.069270     226.574947            nan  OK
     4.400000       0.595562       0.000000       0.000000      -0.595562     162.978502     162.978502     348.356851       0.000000     224.771285       0.015068       0.015068       1.033692      -0.589248     163.102746     163.102746     334.786993     220.330828            nan  OK
     4.500000       0.494688       0.000000       0.000000      -0.494688     165.262058     165.262058     324.420555       0.000000     218.314890       0.012435       0.012435       1.054528      -0.488905     165.370140     165.370140     312.326714     214.355665            nan  OK
     4.600000       0.410073      -0.000000       0.000000      -0.410073     167.121074     167.121074     302.919946       0.000000     212.387364       0.010240       0.010240       1.020225      -0.404885     167.213240     167.213240     292.158408     208.861629            nan  OK
     4.700000       0.339502      -0.000000       0.000000      -0.339502     168.629507     168.629507     284.010758       0.000000     207.089924       0.008419       0.008419       0.951940      -0.334917     168.706941     168.706941     274.421512     203.945131            nan  OK
     4.800000       0.280877      -0.000000       0.000000      -0.280877     169.851552     169.851552     267.626376       0.000000     202.443160       0.006924       0.006924       0.865779      -0.276870     169.915883     169.915883     259.050225     199.627330            nan  OK
     4.900000       0.232306      -0.000000       0.000000      -0.232306     170.841434     170.841434     253.576736       0.000000     198.419868       0.005687       0.005687       0.773340      -0.228832     170.894398     170.894398     245.865783     195.884860            nan  OK
     5.000000       0.192134      -0.000000       0.000000      -0.192134     171.643941     171.643941     241.615959       0.000000     194.967947       0.004715       0.004715       0.681965      -0.189140     171.687329     171.687329     234.638061     192.670906            nan  OK
     5.100000       0.158941       0.000000       0.000000      -0.158941     172.295897     172.295897     231.483699       0.000000     192.025164       0.003875       0.003875       0.595877      -0.156372     172.331164     172.331164     225.123607     189.928645            nan  OK
     5.200000       0.131531       0.000000       0.000000      -0.131531     172.826910     172.826910     222.928408       0.000000     189.527409       0.003192       0.003192       0.517282      -0.129332     172.855459     172.855459     217.087503     187.599474            nan  OK
     5.300000       0.108899       0.000000       0.000000      -0.108899     173.260787     173.260787     215.719490       0.000000     187.413688       0.002697       0.002697       0.447019      -0.107021     173.283910     173.283910     210.314246     185.627355            nan  OK
     5.400000       0.090211      -0.000000       0.000000      -0.090211     173.616897     173.616897     209.652410       0.000000     185.628735       0.002236       0.002236       0.384995      -0.088610     173.635495     173.635495     204.612355     183.961115            nan  OK
     5.500000       0.074777      -0.000000       0.000000      -0.074777     173.910472     173.910472     204.549018       0.000000     184.123320       0.001846       0.001846       0.330824      -0.073412     173.925368     173.925368     199.815193     182.555310            nan  OK
     5.600000       0.062024      -0.000000       0.000000      -0.062024     174.153718     174.153718     200.256533       0.000000     182.854657       0.001524       0.001524       0.283867      -0.060862     174.165613     174.165613     195.779709     181.370312            nan  OK
     5.700000       0.051484      -0.000000       0.000000      -0.051484     174.356393     174.356393     196.645278       0.000000     181.786022       0.001257       0.001257       0.243268      -0.050494     174.365861     174.365861     192.384220     180.371981            nan  OK
     5.800000       0.042768      -0.000000       0.000000      -0.042768     174.526294     174.526294     193.605438       0.000000     180.886009       0.001025       0.001025       0.208401      -0.041925     174.533789     174.533789     189.525861     179.531146            nan  OK
     5.900000       0.035558      -0.000000       0.000000      -0.035558     174.669611     174.669611     191.044889       0.000000     180.128037       0.000829       0.000829       0.178481      -0.034840     174.675516     174.675516     187.118135     178.823055            nan  OK
     6.000000       0.029590      -0.000000       0.000000      -0.029590     174.791131     174.791131     188.886296       0.000000     179.489520       0.000788       0.000788       0.152847      -0.028979     174.795927     174.795927     185.088375     178.226743       0.000000  OK
