# molecule         = LiH
# geometry         = Li 0 0 0; H 0 0 {R:.6f}
# basis            = sadlej
# basis_source     = sadlej.gbs
# lambda           = 0.010000
# omega            = 0.006400
# mode_dir         = [1.0, 0.0, 0.0]
# scheme           = general
# offdiag          = none
# method           = QED-FCI
# nboson_max       = 20
# n_fock_states    = 21
# ff_step_h        = 0.0005
# n_field_points   = 13
# fci_tol          = 1e-11
# fci_max_cycle    = 300
# scf_conv_tol     = 1e-12
# center_geometry  = True
# frozen_core_orbitals = 1
# coherent_state   = True
# z_selfconsistent_iter = 4
# R_range_Ang      = 0.8:0.1:6.0
# R_e_ref_Ang      = 1.5957
# pyscf            = 2.11.0
# python           = 3.13.12
# host             = fedora
# date             = 2026-08-16 16:14:11
# columns          = R,fci[0],fci[+x],fci[-x],fci[+2x],fci[-2x],fci[+y],fci[-y],fci[+2y],fci[-2y],fci[+z],fci[-z],fci[+2z],fci[-2z]
    0.800000      -7.7758320643511247      -7.7758354713550517      -7.7758354713552382      -7.7758456940335110      -7.7758456940334053      -7.7758354774549341      -7.7758354774543994      -7.7758457184511514      -7.7758457184505776      -7.7748853961292017      -7.7767820706458677      -7.7739420800197818      -7.7777354038066742
    0.900000      -7.8614366948635750      -7.8614398553348872      -7.8614398553356235      -7.8614493381530224      -7.8614493381536592      -7.8614398607449782      -7.8614398607455032      -7.8614493598060520      -7.8614493598057162      -7.8604838466651925      -7.8623928543347956      -7.8595343241216291      -7.8633523131408163
    1.000000      -7.9202422925686751      -7.9202453565792332      -7.9202453565798550      -7.9202545499021983      -7.9202545499018182      -7.9202453617235520      -7.9202453617238691      -7.9202545704917062      -7.9202545704914895      -7.9192743262227170      -7.9212137198303605      -7.9183098387878657      -7.9221885924521445
    1.100000      -7.9600753568920446      -7.9600784158802478      -7.9600784158806794      -7.9600875941191553      -7.9600875941187983      -7.9600784210281219      -7.9600784210283981      -7.9600876147236814      -7.9600876147235073      -7.9590853285966361      -7.9610691201260622      -7.9580990587942217      -7.9620665974088940
    1.200000      -7.9864255479947763      -7.9864286635853157      -7.9864286635856576      -7.9864380116766647      -7.9864380116762943      -7.9864286689259512      -7.9864286689262558      -7.9864380330532700      -7.9864380330530667      -7.9854080596934729      -7.9874471513772889      -7.9843947175448626      -7.9884728418502098
    1.300000      -8.0031719246036594      -8.0031751434773106      -8.0031751434776570      -8.0031848015050659      -8.0031848015046609      -8.0031751491569896      -8.0031751491573218      -8.0031848242387227      -8.0031848242384971      -8.0021227088023608      -8.0042257369336998      -8.0010781306184118      -8.0052841084118320
    1.400000      -8.0130756173344171      -8.0130789783914764      -8.0130789783918139      -8.0130890631176612      -8.0130890631172331      -8.0130789845308374      -8.0130789845312016      -8.0130890876914425      -8.0130890876911813      -8.0119913087106749      -8.0141651056548966      -8.0109122342333201      -8.0152597238944487
    1.500000      -8.0181175665725188      -8.0181211031540158      -8.0181211031543871      -8.0181317146272235      -8.0181317146267386      -8.0181211098590701      -8.0181211098594787      -8.0181317414655098      -8.0181317414651883      -8.0169956190404523      -8.0192453828739154      -8.0158796124207825      -8.0203790018038799
    1.600000      -8.0197249370443249      -8.0197286774794136      -8.0197286774799235      -8.0197399007239962      -8.0197399007246126      -8.0197286848529608      -8.0197286848534883      -8.0197399302380941      -8.0197399302376713      -8.0185635679132421      -8.0208929796407524      -8.0174089677425258      -8.0220676080491806
    1.700000      -8.0189255599373563      -8.0189295288218432      -8.0189295288202338      -8.0189414376876531      -8.0189414376884951      -8.0189295369702549      -8.0189295369716387      -8.0189414703125657      -8.0189414703119706      -8.0177236812911126      -8.0201350491158170      -8.0165295394387037      -8.0213520329814294
    1.800000      -8.0164595959230311      -8.0164638160370334      -8.0164638160374135      -8.0164764788926099      -8.0164764788925105      -8.0164638250825746      -8.0164638250827576      -8.0164765151033439      -8.0164765151025215      -8.0152167737992190      -8.0177111222083361      -8.0139828224918261      -8.0189711998508635
    1.900000      -8.0128614966620564      -8.0128659906399111      -8.0128659906401243      -8.0128794755011761      -8.0128794755010109      -8.0128660007118047      -8.0128660007120729      -8.0128795158226964      -8.0128795158238653      -8.0115779563871943      -8.0141550229970946      -8.0103046219044582      -8.0154583342989518
    2.000000      -8.0085187575366383      -8.0085235491820939      -8.0085235491823283      -8.0085379275023545      -8.0085379275021040      -8.0085235604242300      -8.0085235604246048      -8.0085379725103127      -8.0085379725119736      -8.0071954244178620      -8.0098535871046579      -8.0058838770456404      -8.0111996488711217
    2.100000      -8.0037133325758170      -8.0037184477246672      -8.0037184477248946      -8.0037337970946538      -8.0037337970942524      -8.0037184602942837      -8.0037184602948859      -8.0037338474215680      -8.0037338474213957      -8.0023518970306800      -8.0050880534526172      -8.0010041272408507      -8.0064757129393094
    2.200000      -7.9986508689278484      -7.9986563361428615      -7.9986563361429601      -7.9986727423534703      -7.9986727423536905      -7.9986563502107675      -7.9986563502117667      -7.9986727986824571      -7.9986727986821720      -7.9972538722171551      -8.0000632801654099      -7.9958727895670210      -8.0014906517319755
    2.300000      -7.9934815918710163      -7.9934874430257841      -7.9934874430286689      -7.9935050018078115      -7.9935050018074740      -7.9934874587753137      -7.9934874587770102      -7.9935050648733244      -7.9935050648737880      -7.9920525308965384      -7.9949286126177501      -7.9906420842368266      -7.9963929993752716
    2.400000      -7.9883154299283330      -7.9883217007313903      -7.9883217007319143      -7.9883405193225361      -7.9883405193220103      -7.9883217183560458      -7.9883217183548130      -7.9883405898988737      -7.9883405898996758      -7.9868588790858057      -7.9897929932297806      -7.9854241954576946      -7.9912907951623655
    2.500000      -7.9832330771474300      -7.9832398076197837      -7.9832398076205218      -7.9832600061974697      -7.9832600061966232      -7.9832398273170195      -7.9832398273152858      -7.9832600850771129      -7.9832600850769797      -7.9817548233510474      -7.9847360111603489      -7.9803023599570224      -7.9862626216058050
    2.600000      -7.9782941191950174      -7.9783013540217631      -7.9783013540244214      -7.9783230668476062      -7.9783230668476772      -7.9783013759862609      -7.9783013759857671      -7.9783231548022417      -7.9783231548020108      -7.9768013025032101      -7.9798160207084221      -7.9753390007348681      -7.9813657143591277
    2.700000      -7.9735429954190495      -7.9735507842065942      -7.9735507842104383      -7.9735741602488934      -7.9735741602491501      -7.9735508086122486      -7.9735508086115399      -7.9735742579779263      -7.9735742579775479      -7.9720442413526538      -7.9750761053099328      -7.9705816626536921      -7.9766419238466106
    2.800000      -7.9690133390878408      -7.9690217362239011      -7.9690217362241329      -7.9690469388083471      -7.9690469388068230      -7.9690217632031466      -7.9690217632021998      -7.9690470468585559      -7.9690470468591448      -7.9675188578194343      -7.9705484367554789      -7.9660672670292412      -7.9721220837898334
    2.900000      -7.9647310743447601      -7.9647401383805283      -7.9647401383808605      -7.9647673432693997      -7.9647673432670425      -7.9647401680112644      -7.9647401680124332      -7.9647674619374129      -7.9647674619383615      -7.9632526876217611      -7.9662574198698746      -7.9618250311176757      -7.9678291854135574
    3.000000      -7.9607165267804980      -7.9607263189700523      -7.9607263189721653      -7.9607557100629078      -7.9607557100592823      -7.9607263512343476      -7.9607263512340305      -7.9607558392680389      -7.9607558392679225      -7.9592675665288146      -7.9622218932769275      -7.9578782742112661      -7.9637806392660053
    3.100000      -7.9569857136417221      -7.9569962954873805      -7.9569962954872517      -7.9570280573474594      -7.9570280573451324      -7.9569963302335243      -7.9569963302330819      -7.9570281964943348      -7.9570281964941358      -7.9555807240588292      -7.9584565659433792      -7.9542452560624914      -7.9599898167348879
    3.200000      -7.9535509243698153      -7.9535623539172020      -7.9535623539169000      -7.9535966605381825      -7.9535966605343882      -7.9535623908421984      -7.9535623908415207      -7.9535968084008797      -7.9535968084005519      -7.9522051021914706      -7.9549728053169160      -7.9509391799012779      -7.9564669960749344
    3.300000      -7.9504206896423577      -7.9504330164792396      -7.9504330164788328      -7.9504700163845303      -7.9504700163758981      -7.9504330551040336      -7.9504330551028168      -7.9504701710376340      -7.9504701710371162      -7.9491490310443700      -7.9517788611441942      -7.9479675546559392      -7.9532197950162304
    3.400000      -7.9475992759903651      -7.9476125355275791      -7.9476125355271856      -7.9476523345542676      -7.9476523345417087      -7.9476125752070050      -7.9476125752077378      -7.9476524934132087      -7.9476524934139068      -7.9464154736480834      -7.9488796169612890      -7.9453312377092500      -7.9502531589296392
    3.500000      -7.9450859271963603      -7.9451001351102999      -7.9451001351085653      -7.9451427797407410      -7.9451427797497658      -7.9451001750709169      -7.9451001750722021      -7.9451429397202347      -7.9451429397212197      -7.9440011665356547      -7.9462760112142146      -7.9430236083506642      -7.9475689941016618
    3.600000      -7.9428741633650759      -7.9428893115182797      -7.9428893115157742      -7.9429347767198175      -7.9429347767324279      -7.9428893509375786      -7.9428893509394758      -7.9429349345250344      -7.9429349345260984      -7.9418960613149547      -7.9439643458602758      -7.9410303451857498      -7.9451655879760210
    3.700000      -7.9409514791426021      -7.9409675342653969      -7.9409675342618566      -7.9410157196042732      -7.9410157196214488      -7.9409675723564970      -7.9409675723592024      -7.9410158720950541      -7.9410158720948791      -7.9400834292197082      -7.9419357618208792      -7.9393301175406750      -7.9430370202579095
    3.800000      -7.9392996944700265      -7.9393166002246387      -7.9393166002199527      -7.9393673361502310      -7.9393673361682531      -7.9393166363241674      -7.9393166363284013      -7.9393674806733445      -7.9393674806731340      -7.9385407909711079      -7.9401761523199932      -7.9378961800162688      -7.9411728032919404
    3.900000      -7.9378960080393437      -7.9379136900983562      -7.9379136900923966      -7.9379667532342442      -7.9379667532367391      -7.9379137237281920      -7.9379137237338036      -7.9379668878711520      -7.9379668878709051      -7.9372415489800385      -7.9386666747035344      -7.9366985385367670      -7.9395579558232656
    4.000000      -7.9367145703705937      -7.9367329432641549      -7.9367329432566560      -7.9367880769619443      -7.9367880769628343      -7.9367329741504378      -7.9367329741584047      -7.9367882006405370      -7.9367882006402732      -7.9361569709477617      -7.9373848354245196      -7.9357062021705271      -7.9381735993906464
    4.100000      -7.9357282448839808      -7.9357472190600653      -7.9357472190540461      -7.9358041546141367      -7.9358041546152638      -7.9357472471244357      -7.9357472471283241      -7.9358042670178239      -7.9358042670175850      -7.9352581116760197      -7.9363059438918544      -7.9348890988483767      -7.9369980084209191
    4.200000      -7.9349102213322968      -7.9349297091721347      -7.9349297091654716      -7.9349881837833740      -7.9349881837847480      -7.9349297344837693      -7.9349297344898462      -7.9349882852016469      -7.9349882852014089      -7.9345173606901973      -7.9354046423155191      -7.9342194276640239      -7.9360079137627313
    4.300000      -7.9342352570950148      -7.9342551771736511      -7.9342551771665528      -7.9343149467204324      -7.9343149467220400      -7.9342551999098507      -7.9342551999179713      -7.9343150378605394      -7.9343150378629934      -7.9339094779836552      -7.9346562469175730      -7.9336724217255883      -7.9351798120165231
    4.400000      -7.9336804685183369      -7.9337007480756370      -7.9337007480677020      -7.9337615944959508      -7.9337615944977653      -7.9337007684738889      -7.9337007684838943      -7.9337616763136385      -7.9337616763156857      -7.9334121342424568      -7.9340377416987167      -7.9332266241617102      -7.9344910753475615
    4.500000      -7.9332257101682799      -7.9332462860976181      -7.9332462860887176      -7.9333080202961686      -7.9333080202980497      -7.9332463044218038      -7.9332463044330241      -7.9333080938449951      -7.9333080938436389      -7.9330060595204364      -7.9335283848960838      -7.9328638259095863      -7.9339207496745203
    4.600000      -7.9328536395008902      -7.9328744582796951      -7.9328744582703115      -7.9329369198838799      -7.9329369198860498      -7.9328744747935644      -7.9328744748060949      -7.9329369862152737      -7.9329369862166850      -7.9326749289314149      -7.9331099747696188      -7.9325688048319183      -7.9334500241667438
    4.700000      -7.9325495752458384      -7.9325705922153666      -7.9325705922056375      -7.9326336474296175      -7.9326336474316399      -7.9325706071674720      -7.9325706071813533      -7.9326337075383204      -7.9326337075396465      -7.9324050986978358      -7.9327668611785720      -7.9323289717603966      -7.9330624189638250
    4.800000      -7.9323012419167043      -7.9323224202584557      -7.9323224202482301      -7.9323859587904426      -7.9323859587922936      -7.9323224338746057      -7.9323224338894116      -7.9323860135745239      -7.9323860135755488      -7.9321852765544314      -7.9324857937004243      -7.9321339931325729      -7.9327437660317779
    4.900000      -7.9320984674226001      -7.9321197770434910      -7.9321197770326215      -7.9321837087521434      -7.9321837087539731      -7.9321197895221518      -7.9321197895379836      -7.9321837590033786      -7.9321837590039008      -7.9320061807006077      -7.9322556815604948      -7.9319754304757186      -7.9324820584618587
    5.000000      -7.9319328765681139      -7.9319542930188121      -7.9319542930073288      -7.9320185446720837      -7.9320185446746381      -7.9319543045337326      -7.9319543045499934      -7.9320185910756749      -7.9320185910758196      -7.9318602182305007      -7.9320673192843429      -7.9318464164886127      -7.9322672298189358
    5.100000      -7.9317976045698728      -7.9318191080641203      -7.9318191080518261      -7.9318836204011021      -7.9318836204036565      -7.9318191187593570      -7.9318191187764917      -7.9318836635416377      -7.9318836635416137      -7.9317411978419869      -7.9319131123618352      -7.9317413748229155      -7.9320909074832509
    5.200000      -7.9316870419482139      -7.9317086165164747      -7.9317086165037036      -7.9317733417068581      -7.9317733417066645      -7.9317086265180459      -7.9317086265358903      -7.9317733820772407      -7.9317733820771927      -7.9316440817581402      -7.9317868221668117      -7.9316557834904948      -7.9319461679388006
    5.300000      -7.9315966143671464      -7.9316182471332812      -7.9316182471203680      -7.9316831466113582      -7.9316831466109257      -7.9316182565459652      -7.9316182565639952      -7.9316831846311144      -7.9316831846311189      -7.9315647762054615      -7.9316833391162813      -7.9315859782580720      -7.9318273097157359
    5.400000      -7.9315225963905940      -7.9315442769744395      -7.9315442769607509      -7.9316093196613906      -7.9316093196611206      -7.9315442858847378      -7.9315442859031684      -7.9316093556803899      -7.9316093556804574      -7.9314999569751015      -7.9315984866681433      -7.9315289908948508      -7.9317296513150026
    5.500000      -7.9314619561923383      -7.9314836762308856      -7.9314836762169838      -7.9315488370708644      -7.9315488370706086      -7.9314836847130081      -7.9314836847320205      -7.9315488713827227      -7.9315488713828151      -7.9314469256875384      -7.9315288552938519      -7.9314824170834273      -7.9316493563183501
    5.600000      -7.9314122272627356      -7.9314339800026650      -7.9314339799881184      -7.9314992387711314      -7.9314992387705168      -7.9314339881248541      -7.9314339881385889      -7.9314992716217363      -7.9314992716214441      -7.9314034920551020      -7.9314716636522755      -7.9314443089416713      -7.9315832848055097
    5.700000      -7.9313714030533120      -7.9313931830357252      -7.9313931830208793      -7.9314585233821848      -7.9314585233814796      -7.9313931908425745      -7.9313931908568716      -7.9314585549781853      -7.9314585549777634      -7.9313678779039396      -7.9314246435924112      -7.9314130878639579      -7.9315288687787540
    5.800000      -7.9313378509010501      -7.9313596537022839      -7.9313596536946340      -7.9314250623789819      -7.9314250623781160      -7.9313596612378117      -7.9313596612522081      -7.9314250928957941      -7.9314250928935639      -7.9313386391316083      -7.9313859455148616      -7.9313874739348504      -7.9314840086721858
    5.900000      -7.9313102418388786      -7.9313320638647973      -7.9313320638566918      -7.9313975301087449      -7.9313975301077164      -7.9313320711659490      -7.9313320711806563      -7.9313975596919528      -7.9313975596895663      -7.9313146023574097      -7.9313540607850852      -7.9313664288171513      -7.9314469878967788
    6.000000      -7.9312874935144109      -7.9313093318366716      -7.9313093318280457      -7.9313748468770564      -7.9313748468786773      -7.9313093389293288      -7.9313093389487292      -7.9313748756508851      -7.9313748756485909      -7.9312948135699619      -7.9313277583567992      -7.9313491095696227      -7.9314164026278728
