# molecule         = LiH
# geometry         = Li 0 0 0; H 0 0 {R:.6f}
# basis            = sadlej
# basis_source     = sadlej.gbs
# lambda           = 0.000000
# omega            = 0.006400
# mode_dir         = [0.0, 0.0, 1.0]
# scheme           = axial
# offdiag          = none
# method           = QED-FCI
# nboson_max       = 20
# n_fock_states    = 21
# ff_step_h        = 0.0005
# n_field_points   = 9
# fci_tol          = 1e-11
# fci_max_cycle    = 300
# scf_conv_tol     = 1e-12
# center_geometry  = True
# frozen_core_orbitals = 1
# coherent_state   = True
# z_selfconsistent_iter = 4
# R_range_Ang      = 0.8:0.1:6.0
# R_e_ref_Ang      = 1.5957
# pyscf            = 2.11.0
# python           = 3.13.12
# host             = fedora
# date             = 2026-08-14 09:59:00
# columns          = R,fci[0],fci[+z],fci[-z],fci[+2z],fci[-2z],fci[+x],fci[-x],fci[+2x],fci[-2x]
    0.800000      -7.7759838264281491      -7.7750372156530805      -7.7769337844914759      -7.7740939663786435      -7.7778870784787051      -7.7759872442262541      -7.7759872442255249      -7.7759974993088541      -7.7759974993082892
    0.900000      -7.8615845568194391      -7.8606317712039120      -7.8625406617805176      -7.8596823194522401      -7.8635000740101333      -7.8615877267845393      -7.8615877267848120      -7.8615972380910852      -7.8615972380907539
    1.000000      -7.9203890822558467      -7.9194211943403197      -7.9213604388705541      -7.9184567932538492      -7.9223352484817768      -7.9203921552440235      -7.9203921552441798      -7.9204013755006253      -7.9204013755004130
    1.100000      -7.9602228593187592      -7.9592329312981960      -7.9612165302816376      -7.9582467699307990      -7.9622139231356091      -7.9602259272576408      -7.9602259272577500      -7.9602351323544154      -7.9602351323542280
    1.200000      -7.9865749465957387      -7.9855575851082392      -7.9875964317765469      -7.9845443785778265      -7.9886220124704055      -7.9865780714597827      -7.9865780714598529      -7.9865874473820329      -7.9865874473818375
    1.300000      -8.0033240906048526      -8.0022750326178880      -8.0043777546608990      -8.0012306220428169      -8.0054359871842493      -8.0033273193477168      -8.0033273193477523      -8.0033370070099803      -8.0033370070097423
    1.400000      -8.0132312668042047      -8.0121471515768068      -8.0143205725124957      -8.0110682815908945      -8.0154150186291666      -8.0132346385656739      -8.0132346385656934      -8.0132447554225887      -8.0132447554223223
    1.500000      -8.0182772827701001      -8.0171555688719689      -8.0194048777705991      -8.0160398086131401      -8.0205382873487032      -8.0182808310864218      -8.0182808310864679      -8.0182914777774084      -8.0182914777770904
    1.600000      -8.0198891432698876      -8.0187280528774920      -8.0210569213496310      -8.0175737461926300      -8.0222312989875348      -8.0198928966435226      -8.0198928966436505      -8.0199041587354252      -8.0199041587349953
    1.700000      -8.0190945299713050      -8.0178929807660015      -8.0203037062600835      -8.0166991855819543      -8.0215203931719259      -8.0190985131861421      -8.0190985131861066      -8.0191104650826954      -8.0191104650821057
    1.800000      -8.0166334990764643      -8.0153910639192247      -8.0178846577824388      -8.0141575198671315      -8.0191443864651450      -8.0166377351036644      -8.0166377351036413      -8.0166504457703329      -8.0166504457695176
    1.900000      -8.0130404437347984      -8.0117573563677595      -8.0143335400598801      -8.0104844988231303      -8.0156364432232490      -8.0130449554468353      -8.0130449554468299      -8.0130584935640776      -8.0130584935652518
    2.000000      -8.0087028339854580      -8.0073800298514790      -8.0100371617337380      -8.0060690400876560      -8.0113827475141051      -8.0087076454244990      -8.0087076454245683      -8.0087220831818513      -8.0087220831835086
    2.100000      -8.0039026195932514      -8.0025418011262488      -8.0052767557320053      -8.0011946826468954      -8.0066638611207264      -8.0039077568606558      -8.0039077568608761      -8.0039231726661235      -8.0039231726659583
    2.200000      -7.9988454563666895      -7.9974491788623983      -8.0002571870058485      -7.9960688564464562      -8.0016839143980096      -7.9988509483290713      -7.9988509483283474      -7.9988674288656698      -7.9988674288653847
    2.300000      -7.9936815859127259      -7.9922533624242638      -7.9951278152954419      -7.9908438024402413      -7.9965914540365182      -7.9936874647658698      -7.9936874647647977      -7.9937051067350069      -7.9937051067354670
    2.400000      -7.9885209571693157      -7.9870653803942666      -7.9899976014193985      -7.9856317296912440      -7.9914945358499061      -7.9885272589589649      -7.9885272589573519      -7.9885461706358241      -7.9885461706366279
    2.500000      -7.9834442860652555      -7.9819671632142652      -7.9849461544733300      -7.9805159008390474      -7.9864717604331075      -7.9834510511621311      -7.9834510511596637      -7.9834713537946449      -7.9834713537945206
    2.600000      -7.9785111793588337      -7.9770196723233617      -7.9800318482626480      -7.9755587628470952      -7.9815803813004704      -7.9785184528165667      -7.9785184528167417      -7.9785402817316751      -7.9785402817314504
    2.700000      -7.9737660944920075      -7.9722688510814823      -7.9752977834418939      -7.9708078790542851      -7.9768622649815457      -7.9737739262448608      -7.9737739262437586      -7.9737974314012341      -7.9737974314008513
    2.800000      -7.9692426770151119      -7.9677499283322568      -7.9707761446162282      -7.9663001792056214      -7.9723482579181644      -7.9692511217200881      -7.9692511217184538      -7.9692764672644385      -7.9692764672650238
    2.900000      -7.9649668540229568      -7.9634904384678880      -7.9664913423139074      -7.9620648730567467      -7.9680613586466285      -7.9649759703939784      -7.9649759703939766      -7.9650033325917748      -7.9650033325927225
    3.000000      -7.9609589401431959      -7.9595121979697838      -7.9624622102479083      -7.9581252494528663      -7.9640189769955079      -7.9609687894484304      -7.9609687894484136      -7.9609983522242498      -7.9609983522241370
    3.100000      -7.9572349224717467      -7.9558323928203301      -7.9587034375647701      -7.9544995076974070      -7.9602344722209688      -7.9572455660174839      -7.9572455660174928      -7.9572775132874050      -7.9572775132872122
    3.200000      -7.9538070359312458      -7.9524638918052766      -7.9552263523267506      -7.9512007556519411      -7.9567180951421212      -7.9538185312554521      -7.9538185312541421      -7.9538530355140660      -7.9538530355137542
    3.300000      -7.9506837286944361      -7.9494149200564461      -7.9520391413340592      -7.9482363725040877      -7.9534774169431124      -7.9506961245591805      -7.9506961245573677      -7.9507333318843720      -7.9507333318838684
    3.400000      -7.9478691572979914      -7.9466883077901924      -7.9491465999816660      -7.9456070605811435      -7.9505173145530188      -7.9478824880046384      -7.9478824880046899      -7.9479225008818108      -7.9479225008825019
    3.500000      -7.9453624347301641      -7.9442806427953849      -7.9465495560411012      -7.9433060368357129      -7.9478396040137396      -7.9453767146109415      -7.9453767146110641      -7.9454195754911812      -7.9454195754921404
    3.600000      -7.9431569429525615      -7.9421817308826679      -7.9442441867253075      -7.9413188340558163      -7.9454424650293882      -7.9431721624376896      -7.9431721624379170      -7.9432178419850157      -7.9432178419859545
    3.700000      -7.9412400492939561      -7.9403747217075225      -7.9422215080008565      -7.9396240143986567      -7.9433198614275424      -7.9412561737538070      -7.9412561737541836      -7.9413045674786202      -7.9413045674784293
    3.800000      -7.9395934751861521      -7.9388370556876611      -7.9404673044247289      -7.9381947772144414      -7.9414611948876530      -7.9396104471755997      -7.9396104471761575      -7.9396613821807813      -7.9396613821805433
    3.900000      -7.9381943619792121      -7.9375421037775080      -7.9389626555242732      -7.9370011258965407      -7.9398513930402892      -7.9382121063960245      -7.9382121063967643      -7.9382653569842425      -7.9382653569839627
    4.000000      -7.9370168472320008      -7.9364611479755531      -7.9376850291151282      -7.9360121102167334      -7.9384715172319398      -7.9370352782049132      -7.9370352782057889      -7.9370905865390302      -7.9370905865387176
    4.100000      -7.9360338203462764      -7.9355652923372375      -7.9366097353779335      -7.9351977271156775      -7.9372998178363421      -7.9360528482305392      -7.9360528482285995      -7.9361099453947590      -7.9361099453944215
    4.200000      -7.9352185249961797      -7.9348269968453939      -7.9357114500242911      -7.9345302581563590      -7.9363130361138090      -7.9352380623632452      -7.9352380623621412      -7.9352966860902017      -7.9352966860898588
    4.300000      -7.9345457882251713      -7.9342211005251508      -7.9349655451037275      -7.9339850207183362      -7.9354877064987113      -7.9345657539854857      -7.9345657539850816      -7.9346256611600232      -7.9346256611622437
    4.400000      -7.9339928010963963      -7.9337253522802715      -7.9343490719902743      -7.9335406365072147      -7.9348012568349739      -7.9340131229138207      -7.9340131229139272      -7.9340740967273904      -7.9340740967291579
    4.500000      -7.9335394904245664      -7.9333205538131359      -7.9338413589473253      -7.9331789655002911      -7.9342327972288240      -7.9335601056345855      -7.9335601056350500      -7.9336219583073007      -7.9336219583057197
    4.600000      -7.9331685789917099      -7.9329904425667470      -7.9334242707975431      -7.9328848438312551      -7.9337635820875496      -7.9331894344925580      -7.9331894344932543      -7.9332520069149473      -7.9332520069160308
    4.700000      -7.9328654419458928      -7.9327214270872055      -7.9330822170259623      -7.9326457301436228      -7.9333771928312125      -7.9328864934614334      -7.9328864934622523      -7.9329496529933179      -7.9329496529942753
    4.800000      -7.9326178509841405      -7.9325022579331428      -7.9328019984601612      -7.9324513293602372      -7.9330595159820350      -7.9326390620320124      -7.9326390620355216      -7.9327026993972742      -7.9327026993979430
    4.900000      -7.9324156725884141      -7.9323236877519321      -7.9325725670988181      -7.9322932335604248      -7.9327985913935670      -7.9324370133686353      -7.9324370133721587      -7.9325010392937561      -7.9325010392939213
    5.000000      -7.9322505625743469      -7.9321781509905396      -7.9323847524137596      -7.9321645994682539      -7.9325843916261984      -7.9322720088903891      -7.9322720088940892      -7.9323363508779048      -7.9323363508777147
    5.100000      -7.9321156808252393      -7.9320594778873428      -7.9322309880185822      -7.9320598695111082      -7.9324085759406024      -7.9321372130876187      -7.9321372130913241      -7.9322018124920408      -7.9322018124916296
    5.200000      -7.9320054372818039      -7.9319626475105220      -7.9321050576576582      -7.9319745363058134      -7.9322642464964099      -7.9320270396957131      -7.9320270396994363      -7.9320918491925383      -7.9320918491921031
    5.300000      -7.9319152728364166      -7.9318835792160138      -7.9320018694044112      -7.9319049469525771      -7.9321457222829270      -7.9319369326629490      -7.9319369326667646      -7.9320019141112761      -7.9320019141109217
    5.400000      -7.9318414739184391      -7.9318189589970407      -7.9319172605733765      -7.9318481420053031      -7.9320483379775215      -7.9318631809044300      -7.9318631809082385      -7.9319283035747628      -7.9319283035743968
    5.500000      -7.9317810179605956      -7.9317660963896568      -7.9318478324581339      -7.9318017239485021      -7.9319682698691212      -7.9318027638369246      -7.9318027638371777      -7.9318680029575201      -7.9318680029572111
    5.600000      -7.9317314456303585      -7.9317228072492973      -7.9317908121548797      -7.9317637501757270      -7.9319023879871731      -7.9317532237169157      -7.9317532237169743      -7.9318185593063149      -7.9318185593059276
    5.700000      -7.9316907559397167      -7.9316873181538732      -7.9317439380607935      -7.9317326461679283      -7.9318481320823810      -7.9317125608472550      -7.9317125608472301      -7.9317779767545691      -7.9317779767542049
    5.800000      -7.9316573205512810      -7.9316581886979947      -7.9317053656692806      -7.9317071351919095      -7.9318034086266938      -7.9316791479124289      -7.9316791479123179      -7.9317446310568380      -7.9317446310564783
    5.900000      -7.9316298138567758      -7.9316342483755484      -7.9316735902958166      -7.9316861813904511      -7.9317665057197564      -7.9316516601176072      -7.9316516601210090      -7.9317171998828364      -7.9317171998805316
    6.000000      -7.9316071561040671      -7.9316145454114180      -7.9316473839593904      -7.9316689437627366      -7.9317360231763905      -7.9316290183837790      -7.9316290183870173      -7.9316946061128579      -7.9316946061104687
