# molecule         = LiH
# geometry         = Li 0 0 0; H 0 0 {R:.6f}
# basis            = sadlej
# basis_source     = sadlej.gbs
# lambda           = 0.100000
# omega            = 0.006400
# mode_dir         = [1.0, 0.0, 0.0]
# scheme           = general
# offdiag          = none
# method           = QED-FCI
# nboson_max       = 20
# n_fock_states    = 21
# ff_step_h        = 0.0005
# n_field_points   = 13
# fci_tol          = 1e-11
# fci_max_cycle    = 300
# scf_conv_tol     = 1e-12
# center_geometry  = True
# frozen_core_orbitals = 1
# coherent_state   = True
# z_selfconsistent_iter = 4
# R_range_Ang      = 0.8:0.1:6.0
# R_e_ref_Ang      = 1.5957
# pyscf            = 2.11.0
# python           = 3.13.12
# host             = fedora
# date             = 2026-08-16 17:31:13
# columns          = R,fci[0],fci[+x],fci[-x],fci[+2x],fci[-2x],fci[+y],fci[-y],fci[+2y],fci[-2y],fci[+z],fci[-z],fci[+2z],fci[-2z]
    0.800000      -7.7619599958562695      -7.7619628250442387      -7.7619628250424304      -7.7619713132642447      -7.7619713132629862      -7.7619630989377946      -7.7619630989412540      -7.7619724092606788      -7.7619724092605535      -7.7610120354011833      -7.7629107289362818      -7.7600668524302616      -7.7638642312410830
    0.900000      -7.8478643678440925      -7.8478670197876879      -7.8478670197902511      -7.8478749761689768      -7.8478749761704805      -7.8478672632613611      -7.8478672632637680      -7.8478759504319591      -7.8478759504282696      -7.8469094845140255      -7.8488220586239628      -7.8459574153871063      -7.8497825514635675
    1.000000      -7.9067472300633836      -7.9067498158385225      -7.9067498158368172      -7.9067575736557494      -7.9067575736548674      -7.9067500457202176      -7.9067500457236513      -7.9067584935278061      -7.9067584935286650      -7.9057759603566460      -7.9077214702761935      -7.9048076713894044      -7.9086986722797707
    1.100000      -7.9465177443696531      -7.9465203303161704      -7.9465203303142724      -7.9465280886291207      -7.9465280886278498      -7.9465205576734403      -7.9465205576770988      -7.9465289984129033      -7.9465289984105887      -7.9455228752530935      -7.9475158417929928      -7.9445312491636662      -7.9485171544480417
    1.200000      -7.9727159406763786      -7.9727185693285190      -7.9727185693273643      -7.9727264557664128      -7.9727264557654038      -7.9727188026927003      -7.9727188026974547      -7.9727273895965425      -7.9727273895979849      -7.9716918566999579      -7.9737435939631904      -7.9706713624061001      -7.9747747981580623
    1.300000      -7.9892478070726645      -7.9892505085150871      -7.9892505085179399      -7.9892586133498691      -7.9892586133482935      -7.9892507554067631      -7.9892507554100272      -7.9892596013258839      -7.9892596013235293      -7.9881900123948668      -7.9903095941278846      -7.9871362377000930      -7.9913753483821068
    1.400000      -7.9988863681398401      -7.9988891668764719      -7.9988891668801658      -7.9988975636439115      -7.9988975636422781      -7.9988894339333205      -7.9988894339377605      -7.9988986323221809      -7.9988986323232281      -7.9977912420561967      -7.9999859947180925      -7.9967006536076468      -8.0010900877479489
    1.500000      -8.0036207710397083      -8.0036236892058881      -8.0036236892098458      -8.0036324443217772      -8.0036324443199494      -8.0036239816317956      -8.0036239816326358      -8.0036336145142997      -8.0036336145129017      -8.0024855030727320      -8.0047611375482486      -8.0013553835316937      -8.0059065567496717
    1.600000      -8.0048892183255589      -8.0048922760328356      -8.0048922760378662      -8.0049014498208120      -8.0049014498194264      -8.0048925976076735      -8.0048925976088583      -8.0049027366672849      -8.0049027366661623      -8.0037117675085678      -8.0060724637566132      -8.0025401781864218      -8.0072614421652197
    1.700000      -8.0037314924822294      -8.0037347074761609      -8.0037347074817813      -8.0037443532705730      -8.0037443532689334      -8.0037350613263882      -8.0037350613276139      -8.0037457692919229      -8.0037457692905551      -8.0025104992264335      -8.0049590875354522      -8.0012961974349590      -8.0061932018820201
    1.800000      -8.0008971484277591      -8.0009005365936083      -8.0009005365954167      -8.0009107019488166      -8.0009107019492465      -8.0009009259332586      -8.0009009259319050      -8.0009122600274090      -8.0009122600226572      -7.9996318592340350      -8.0021699771326311      -7.9983742292941056      -8.0034502351552046
    1.900000      -7.9969265660785549      -7.9969301422178827      -7.9969301422233441      -7.9969408716575519      -7.9969408716550969      -7.9969305707561418      -7.9969305707564704      -7.9969425866204240      -7.9969425866202197      -7.9956168134471124      -7.9982449523512997      -7.9943158540658938      -7.9995718256928452
    2.000000      -7.9922103806320361      -7.9922141595190102      -7.9922141595244112      -7.9922254973203719      -7.9922254973204812      -7.9922146315964522      -7.9922146315889746      -7.9922273865708355      -7.9922273865643607      -7.9908566105512842      -7.9935740686228005      -7.9895129705998436      -7.9949474799823763
    2.100000      -7.9870318034341787      -7.9870358005055540      -7.9870358005058542      -7.9870477930562380      -7.9870477930569121      -7.9870363211777828      -7.9870363211738269      -7.9870498768437219      -7.9870498768423275      -7.9856351333164817      -7.9884399084531381      -7.9842501799682930      -7.9898591907052019
    2.200000      -7.9815965491749647      -7.9816007812265726      -7.9816007812271348      -7.9816134789696411      -7.9816134789656701      -7.9816013562976558      -7.9816013562949761      -7.9816157805130601      -7.9816157805115298      -7.9801588483251429      -7.9830474884120672      -7.9787347598670264      -7.9845113251223481
    2.300000      -7.9760541927334474      -7.9760586785030760      -7.9760586784991059      -7.9760721376467982      -7.9760721376473960      -7.9760593145488770      -7.9760593145429084      -7.9760746832845486      -7.9760746832741827      -7.9745781827072797      -7.9775455984552641      -7.9731180641592907      -7.9790519492080092
    2.400000      -7.9705136154218454      -7.9705183761325786      -7.9705183761316976      -7.9705326604542037      -7.9705326604541717      -7.9705190805134816      -7.9705190805150741      -7.9705354796408798      -7.9705354796419448      -7.9690029901907966      -7.9720422311501808      -7.9675110118020571      -7.9735882424492184
    2.500000      -7.9650542928218906      -7.9650593528847002      -7.9650593528793028      -7.9650745356096104      -7.9650745356102624      -7.9650601336968245      -7.9650601337000033      -7.9650776607736296      -7.9650776607720584      -7.9635138592256549      -7.9666158520317119      -7.9619954178204493      -7.9681977532043415
    2.600000      -7.9597345885654116      -7.9597399762210737      -7.9597399762178185      -7.9597561422331129      -7.9597561422345029      -7.9597408422017555      -7.9597408421968714      -7.9597596082931252      -7.9597596082836279      -7.9581704261997324      -7.9613236753931211      -7.9566323272484070      -7.9629366585618726
    2.700000      -7.9545978561384816      -7.9546036043532178      -7.9546036043427391      -7.9546208526231776      -7.9546208526246529      -7.9546045646076271      -7.9546045646127101      -7.9546246960337736      -7.9546246960318765      -7.9530174926155368      -7.9562077501924042      -7.9514681451087137      -7.9578458345694427
    2.800000      -7.9496769188448040      -7.9496830661513886      -7.9496830661435114      -7.9497015124320285      -7.9497015124404147      -7.9496841297459442      -7.9496841297463945      -7.9497057694140709      -7.9497057694052788      -7.9480895081386169      -7.9512994310708835      -7.9465391134478711      -7.9529553152788397
    2.900000      -7.9449973314700504      -7.9450039229326386      -7.9450039229228810      -7.9450237025530637      -7.9450237025552584      -7.9450050981413938      -7.9450050981466074      -7.9450284061543375      -7.9450284061485252      -7.9434138102957954      -7.9466226479048672      -7.9418745081657782      -7.9482875607953636
    3.000000      -7.9405796989703115      -7.9405867869649880      -7.9405867869590798      -7.9406080572392037      -7.9406080572379532      -7.9405880802018212      -7.9405880802082009      -7.9406132329896559      -7.9406132329822094      -7.9390128764163128      -7.9421962634443330      -7.9374987860511839      -7.9438598344757647
    3.100000      -7.9364412218082228      -7.9364488665103021      -7.9364488665147999      -7.9364718081389158      -7.9364718081400820      -7.9364502807776400      -7.9364502807746042      -7.9364774678296293      -7.9364774678314154      -7.9349057331883905      -7.9380357085408200      -7.9334327986400375      -7.9396858938464705
    3.200000      -7.9325965544006678      -7.9326048234844482      -7.9326048234901734      -7.9326296397724043      -7.9326296397735963      -7.9326063563665947      -7.9326063563457057      -7.9326357734928674      -7.9326357735165534      -7.9311085872453750      -7.9341540028738367      -7.9296941161287000      -7.9357771216805117
    3.300000      -7.9290580086238345      -7.9290669758117325      -7.9290669758254539      -7.9290938881014270      -7.9290938880993211      -7.9290686172948339      -7.9290686172820957      -7.9291004554252762      -7.9291004554074869      -7.9276347021032834      -7.9305622085079666      -7.9262964986027544      -7.9321431617940652
    3.400000      -7.9258351280361143      -7.9258448697241066      -7.9258448697381354      -7.9258741073671324      -7.9258741073702668      -7.9258466001182404      -7.9258466001198862      -7.9258810291243460      -7.9258810291217427      -7.9244935806455592      -7.9272693337186508      -7.9232486474505075      -7.9287920834543826
    3.500000      -7.9229337190526978      -7.9229443088164073      -7.9229443088349587      -7.9229760926046442      -7.9229760926067261      -7.9229460976721020      -7.9229460976646688      -7.9229832464893519      -7.9229832465019294      -7.9216896352554826      -7.9242817218231929      -7.9205525688131857      -7.9257300878449177
    3.600000      -7.9203545593671301      -7.9203660605222197      -7.9203660605213768      -7.9204005800486659      -7.9204005800462660      -7.9203678673278812      -7.9203678673266902      -7.9204078037394385      -7.9204078037395620      -7.9192207181868319      -7.9216020377178227      -7.9182021077291882      -7.9229608046913267
    3.700000      -7.9180921650781277      -7.9181046221680855      -7.9181046221662701      -7.9181420106110778      -7.9181420106074203      -7.9181063994932188      -7.9181063994925180      -7.9181491141199949      -7.9181491141171918      -7.9170770444262324      -7.9192280918191376      -7.9161823008623147      -7.9204843093682840
    3.800000      -7.9161340862320353      -7.9161475177206224      -7.9161475177117975      -7.9161878297428068      -7.9161878297480053      -7.9161492164158664      -7.9161492164126317      -7.9161946165694479      -7.9161946165869272      -7.9152410226853780      -7.9171518642240155      -7.9144699970109116      -7.9182961022721035
    3.900000      -7.9144611085218122      -7.9144755027040405      -7.9144755026899647      -7.9145187022783334      -7.9145187022868901      -7.9144770780872831      -7.9144770781068763      -7.9145249941469720      -7.9145249941420230      -7.9136882430170354      -7.9153591189890316      -7.9130357358127661      -7.9163863751687371
    4.000000      -7.9130484516342809      -7.9130637671742887      -7.9130637671569737      -7.9131097292454076      -7.9131097292540549      -7.9130651843625239      -7.9130651843696560      -7.9131153871655462      -7.9131153871562665      -7.9123894504403189      -7.9138298618464145      -7.9118464038913094      -7.9147398718563124
    4.100000      -7.9118677040267222      -7.9118838748598481      -7.9118838748540208      -7.9119324004593183      -7.9119324004630238      -7.9118851117097435      -7.9118851116744118      -7.9119373366305128      -7.9119373366537653      -7.9113129956303698      -7.9125396218531305      -7.9108679780867153      -7.9133364969194675
    4.200000      -7.9108890127361047      -7.9109059559950303      -7.9109059559994837      -7.9109567958179214      -7.9109567958186977      -7.9109070034243123      -7.9109070034060327      -7.9109609746640333      -7.9109609746869074      -7.9104271780993720      -7.9114612632432060      -7.9100677865849072      -7.9121525873308505
    4.300000      -7.9100830549768020      -7.9101006794506254      -7.9101006794468507      -7.9101535595021311      -7.9101535594968162      -7.9101015395305900      -7.9101015395428416      -7.9101569899119113      -7.9101569898827986      -7.9097020669670854      -7.9105669008221557      -7.9094160183557882      -7.9111625560391987
    4.400000      -7.9094224962558579      -7.9094407098682336      -7.9094407098624950      -7.9094953538751049      -7.9094953538678903      -7.9094413928602210      -7.9094413928311695      -7.9094980771993662      -7.9094980772193670      -7.9091106457541223      -7.9098295452310081      -7.9088864910469461      -7.9103405444513939
    4.500000      -7.9088828583721682      -7.9089015737359407      -7.9089015737228072      -7.9089577195234542      -7.9089577195157590      -7.9089020949458400      -7.9089020949350379      -7.9089597972563430      -7.9089597972125398      -7.9086293388656337      -7.9092242721841002      -7.9084568437348599      -7.9096617927021189
    4.600000      -7.9084428758813461      -7.9084620135382835      -7.9084620135252370      -7.9085194230490172      -7.9085194230631313      -7.9084623907038916      -7.9084623907223310      -7.9085209261689631      -7.9085209261545950      -7.9082380794771154      -7.9087288849970392      -7.9081083595874562      -7.9091035839103689
    4.700000      -7.9080844851334842      -7.9081039752032600      -7.9081039751855471      -7.9081624391177368      -7.9081624391251149      -7.9081042265651185      -7.9081042265558930      -7.9081634404064927      -7.9081634403972600      -7.9079200924698831      -7.9083241539125684      -7.9078255923176028      -7.9086457572145470
    4.800000      -7.9077925914865705      -7.9078123739039192      -7.9078123738963919      -7.9078717124419269      -7.9078717124543330      -7.9078125168633502      -7.9078125168681543      -7.9078722815722315      -7.9078722815585882      -7.9076615322083521      -7.9079937591828342      -7.9075959183503635      -7.9082708698143369
    4.900000      -7.9075547280390657      -7.9075747521111808      -7.9075747520977009      -7.9076348134999312      -7.9076348135111276      -7.9075748026565149      -7.9075748026689512      -7.9076350142400527      -7.9076350142092497      -7.9074510722224414      -7.9077240584606336      -7.9074090883258563      -7.9079641167353145
    5.000000      -7.9073606824439864      -7.9073809058799016      -7.9073809058719657      -7.9074415635482751      -7.9074415635598667      -7.9073808782254673      -7.9073808782421473      -7.9074414525165038      -7.9074414524966743      -7.9072795021325071      -7.9075037711597993      -7.9072568159213210      -7.9077131086340913
    5.100000      -7.9072021362516880      -7.9072225240735099      -7.9072225240652703      -7.9072836734050203      -7.9072836734196335      -7.9072224305529524      -7.9072224305645129      -7.9072832998038871      -7.9072832997832414      -7.9071393623749078      -7.9073236414045169      -7.9071324196733261      -7.9075075841595233
    5.200000      -7.9070723392409263      -7.9070928627241290      -7.9070928627178034      -7.9071544177830777      -7.9071544177968951      -7.9070927139117488      -7.9070927139025251      -7.9071538237569206      -7.9071538237113730      -7.9070246265185542      -7.9071761153566982      -7.9070305205842946      -7.9073391070381245
    5.300000      -7.9069658273383592      -7.9069864629821343      -7.9069864629708242      -7.9070483534674922      -7.9070483534817741      -7.9069862678273930      -7.9069862678481497      -7.9070475747455458      -7.9070475747367492      -7.9069304334568118      -7.9070550508195412      -7.9069467918192036      -7.9072007776072581
    5.400000      -7.9068781843085727      -7.9068989129431717      -7.9068989129370912      -7.9069610815687597      -7.9069610815805200      -7.9068986790090348      -7.9068986789803226      -7.9069601481391727      -7.9069601480976539      -7.9068528655833310      -7.9069554656007064      -7.9068777540786455      -7.9070869732779965
    5.500000      -7.9068058441461515      -7.9068266501760132      -7.9068266501695588      -7.9068890502938940      -7.9068890503051872      -7.9068263837002766      -7.9068263836423718      -7.9068879871704478      -7.9068879872182940      -7.9067887666977281      -7.9068733247816176      -7.9068206097391176      -7.9069931233919286
    5.600000      -7.9067459287082427      -7.9067667994675492      -7.9067667994622388      -7.9068293931815745      -7.9068293931859293      -7.9067665056836596      -7.9067665056897729      -7.9068282212263838      -7.9068282212153989      -7.9067355946241058      -7.9068053637859705      -7.9067731089131454      -7.9069155184424682
    5.700000      -7.9066961155515276      -7.9067170407568899      -7.9067170407441498      -7.9067797972856022      -7.9067797973017537      -7.9067167239656762      -7.9067167239939060      -7.9067785336452125      -7.9067785336287555      -7.9066913015073883      -7.9067489427206752      -7.9067334419774342      -7.9068511509057480
    5.800000      -7.9066545306739773      -7.9066755019510433      -7.9066755019381496      -7.9067383963442870      -7.9067383963544433      -7.9066751657281333      -7.9066751656985783      -7.9067370550896676      -7.9067370550430152      -7.9066542374393309      -7.9067019275784300      -7.9067001525992247      -7.9067975840382099
    5.900000      -7.9066196616367703      -7.9066406722018252      -7.9066406722139773      -7.9067036842044427      -7.9067036842095506      -7.9066403194144605      -7.9066403194221060      -7.9067022768828972      -7.9067022768684767      -7.9066230727817430      -7.9066625930667236      -7.9066720686268335      -7.9067528438432584
    6.000000      -7.9065902875642067      -7.9066113319592350      -7.9066113319464808      -7.9066744450692470      -7.9066744450767956      -7.9066109649336811      -7.9066109649468652      -7.9066729810836467      -7.9066729810620107      -7.9065967354964890      -7.9066295443884345      -7.9066482460888450      -7.9067153315250955
