# molecule         = LiH
# geometry         = Li 0 0 0; H 0 0 {R:.6f}
# basis            = sadlej
# basis_source     = sadlej.gbs
# lambda           = 0.050000
# omega            = 0.006400
# mode_dir         = [1.0, 0.0, 0.0]
# scheme           = general
# offdiag          = none
# method           = QED-FCI
# nboson_max       = 20
# n_fock_states    = 21
# ff_step_h        = 0.0005
# n_field_points   = 13
# fci_tol          = 1e-11
# fci_max_cycle    = 300
# scf_conv_tol     = 1e-12
# center_geometry  = True
# frozen_core_orbitals = 1
# coherent_state   = True
# z_selfconsistent_iter = 4
# R_range_Ang      = 0.8:0.1:6.0
# R_e_ref_Ang      = 1.5957
# pyscf            = 2.11.0
# python           = 3.13.12
# host             = fedora
# date             = 2026-08-16 17:03:45
# columns          = R,fci[0],fci[+x],fci[-x],fci[+2x],fci[-2x],fci[+y],fci[-y],fci[+2y],fci[-2y],fci[+z],fci[-z],fci[+2z],fci[-2z]
    0.800000      -7.7722767736944238      -7.7722799713720843      -7.7722799713705815      -7.7722895655586886      -7.7722895655639972      -7.7722800880233107      -7.7722800880249840      -7.7722900324660600      -7.7722900324649116      -7.7713291078749611      -7.7732275883602791      -7.7703846014647082      -7.7741815435967849
    0.900000      -7.8579680118487740      -7.8579709880791189      -7.8579709880778497      -7.8579799177425471      -7.8579799177490841      -7.8579710917505698      -7.8579710917507590      -7.8579803326820770      -7.8579803326813167      -7.8570140213567869      -7.8589251470291392      -7.8560631870589699      -7.8598854174136914
    1.000000      -7.9167970565847341      -7.9167999464860515      -7.9167999464848133      -7.9168086170806964      -7.9168086170863621      -7.9168000450554299      -7.9168000450572569      -7.9168090116035943      -7.9168090116031422      -7.9158275935334395      -7.9177698194512844      -7.9148614453741049      -7.9187458691118495
    1.100000      -7.9566137099104903      -7.9566165954179198      -7.9566165954167545      -7.9566252528107633      -7.9566252528161403      -7.9566166939797798      -7.9566166939816032      -7.9566256473031327      -7.9566256473027890      -7.9556217148128088      -7.9576092739310802      -7.9546333088959376      -7.9586083888849011
    1.200000      -7.9829212775457457      -7.9829242133523604      -7.9829242133512537      -7.9829330216684316      -7.9829330216739853      -7.9829243156065441      -7.9829243156084306      -7.9829334309400748      -7.9829334309397639      -7.9819012603628208      -7.9839452309779082      -7.9808852065309015      -7.9849730962058931
    1.300000      -7.9996059472014798      -7.9996089743475789      -7.9996089743462804      -7.9996180567532207      -7.9996180567591830      -7.9996090832479645      -7.9996090832497728      -7.9996184926282297      -7.9996184926278149      -7.9985535503957053      -8.0006627422097001      -7.9975055879310339      -8.0017239025224569
    1.400000      -8.0094322944394527      -8.0094354471655684      -8.0094354471639679      -8.0094449064111934      -8.0094449064181621      -8.0094355651283689      -8.0094355651302660      -8.0094453785612174      -8.0094453785605317      -8.0083440590461823      -8.0105254857393824      -8.0072608276894641      -8.0116235889115508
    1.500000      -8.0143841143355790      -8.0143874222249298      -8.0143874222231073      -8.0143973470885062      -8.0143973470964909      -8.0143875512183236      -8.0143875512208265      -8.0143978633931923      -8.0143978633927269      -8.0132574000919341      -8.0155164420849943      -8.0121363633968787      -8.0166543246009567
    1.600000      -8.0158921150060110      -8.0158956032191284      -8.0158956032194268      -8.0159060692222397      -8.0159060692247515      -8.0158957449768149      -8.0158957449773229      -8.0159066366096070      -8.0159066366087206      -8.0147250438811160      -8.0170655660725636      -8.0135644377980633      -8.0182453189388152
    1.700000      -8.0149875544678970      -8.0149912445491829      -8.0149912445496430      -8.0150023163436845      -8.0150023163470294      -8.0149914008154575      -8.0149914008175731      -8.0150029418144690      -8.0150029418132807      -8.0137789319789174      -8.0162034475224075      -8.0125776929330979      -8.0174265074937967
    1.800000      -8.0124130605406236      -8.0124169719773910      -8.0124169719744671      -8.0124287080493808      -8.0124287080499599      -8.0124171446589898      -8.0124171446619332      -8.0124293992507774      -8.0124293992520119      -8.0111623233462197      -8.0136721054118745      -8.0099200432707391      -8.0149393208650146
    1.900000      -8.0087045165918163      -8.0087086683640383      -8.0087086683602813      -8.0087211257006867      -8.0087211257015944      -8.0087088595952771      -8.0087088595992064      -8.0087218911755649      -8.0087218911773306      -8.0074117306036161      -8.0100068234370685      -8.0061286629817356      -8.0113184702185798
    2.000000      -8.0042500881640386      -8.0042544999536815      -8.0042544999483649      -8.0042677376450033      -8.0042677376447298      -8.0042547121082084      -8.0042547121133154      -8.0042685869048693      -8.0042685869042494      -8.0029159854204934      -8.0055951386714401      -8.0015930910984494      -8.0069508986248490
    2.100000      -7.9993319096814446      -7.9993366027547630      -7.9993366027530621      -7.9993506846093609      -7.9993506846088929      -7.9993368384641741      -7.9993368384662089      -7.9993516281758170      -7.9993516281744110      -7.9979579510119896      -8.0007185039449151      -7.9965969715266647      -8.0021174202951411
    2.200000      -7.9941555078173723      -7.9941605056439933      -7.9941605056414469      -7.9941755022378844      -7.9941755022372725      -7.9941607677856217      -7.9941607677899595      -7.9941765516542871      -7.9941765516551850      -7.9927439661736024      -7.9955816924211414      -7.9913475199997768      -7.9970221082270605
    2.300000      -7.9888708088521758      -7.9888761378159110      -7.9888761378078677      -7.9888921282907859      -7.9888921282916954      -7.9888764295095465      -7.9888764295165968      -7.9888932960698398      -7.9888932960709642      -7.9874248720812728      -7.9903337881273906      -7.9859965727624669      -7.9918132698364825
    2.400000      -7.9835873458323778      -7.9835930357150708      -7.9835930357177372      -7.9836101095514360      -7.9836101095511349      -7.9835933603007181      -7.9835933603023541      -7.9836114090250430      -7.9836114090247143      -7.9821112376056362      -7.9850833768073786      -7.9806558324467041      -7.9865986238512896
    2.500000      -7.9783853791574959      -7.9783914638042290      -7.9783914638078324      -7.9784097226111248      -7.9784097226104480      -7.9783918247399130      -7.9783918247405570      -7.9784111676306040      -7.9784111676297815      -7.9768844963664760      -7.9799096518037089      -7.9754080225264383      -7.9814563929905091
    2.600000      -7.9733240693781413      -7.9733305872609419      -7.9733305872625504      -7.9733501466050729      -7.9733501466057781      -7.9733309879990797      -7.9733309879972420      -7.9733517510131051      -7.9733517510114282      -7.9718051310746789      -7.9748705746367881      -7.9703150817159987      -7.9764434527550616
    2.700000      -7.9684474837118380      -7.9684544785421494      -7.9684544785472156      -7.9684754696645328      -7.9684754696641296      -7.9684549223366412      -7.9684549223350167      -7.9684772464618723      -7.9684772464626343      -7.9669186817100428      -7.9700088758744538      -7.9654241669087487      -7.9716013242281099
    2.800000      -7.9637889873575967      -7.9637965084841840      -7.9637965084914546      -7.9638190795923949      -7.9638190795916168      -7.9637969980595029      -7.9637969980604444      -7.9638210396697602      -7.9638210396705071      -7.9622601185787136      -7.9653564538274919      -7.9607719925997262      -7.9669605731680964
    2.900000      -7.9593744057878979      -7.9593825083472272      -7.9593825083582432      -7.9594068250336392      -7.9594068250323469      -7.9593830454688588      -7.9593830454682521      -7.9594089754121793      -7.9594089754104695      -7.9578569523819063      -7.9609375684349022      -7.9563878601802296      -7.9625440206759635
    3.000000      -7.9552242194774125      -7.9552329640431880      -7.9552329640447166      -7.9552592080505375      -7.9552592080514462      -7.9552335489170511      -7.9552335489163895      -7.9552615495673553      -7.9552615495649643      -7.9537313241989729      -7.9567711062538065      -7.9522955980684351      -7.9583690527349544
    3.100000      -7.9513549556975871      -7.9513644069289739      -7.9513644069280316      -7.9513927723750912      -7.9513927723740645      -7.9513650375609792      -7.9513650375617617      -7.9513952969374806      -7.9513952969360000      -7.9499012218420111      -7.9528720976801237      -7.9485145417929441      -7.9544492235896698
    3.200000      -7.9477798744630279      -7.9477900986572703      -7.9477900986556733      -7.9478207844769591      -7.9478207844752262      -7.9477907701116450      -7.9477907701132136      -7.9478234722172125      -7.9478234722170438      -7.9463809119979789      -7.9492525962504272      -7.9450596464379553      -7.9507952762921112
    3.300000      -7.9445090178648359      -7.9445200789476109      -7.9445200789477628      -7.9445532768187945      -7.9445532768206721      -7.9445207827731439      -7.9445207827746476      -7.9445560938133131      -7.9445560938122357      -7.9431806757085788      -7.9459219867309212      -7.9419408637987452      -7.9474156532820723
    3.400000      -7.9415487157874214      -7.9415606697629366      -7.9415606697597143      -7.9415965474482899      -7.9415965474470713      -7.9415613938035330      -7.9415613938083034      -7.9415994449719784      -7.9415994449697109      -7.9403060020810496      -7.9428867829299969      -7.9391620402076422      -7.9443165459326144
    3.500000      -7.9389007220943437      -7.9389136105120910      -7.9389136105071216      -7.9389522921727540      -7.9389522921755287      -7.9389143393575665      -7.9389143393621220      -7.9389552084813566      -7.9389552084787871      -7.9377565222183888      -7.9401500170177783      -7.9367197579562481      -7.9415015427448923
    3.600000      -7.9365612697929908      -7.9365751132622329      -7.9365751132593703      -7.9366166602504213      -7.9366166602497472      -7.9365758294288211      -7.9365758294348998      -7.9366195254040175      -7.9366195254006406      -7.9355250939048272      -7.9377104045363041      -7.9346026475774440      -7.9389709844560121
    3.700000      -7.9345204164833962      -7.9345352101984989      -7.9345352101914139      -7.9345796071310000      -7.9345796071345491      -7.9345358959751833      -7.9345358959857437      -7.9345823503868766      -7.9345823503831907      -7.9335974782543994      -7.9355615613226282      -7.9327916166263108      -7.9367212094606305
    3.800000      -7.9327620243161681      -7.9327777363962211      -7.9327777363927909      -7.9328248869855544      -7.9328248869849576      -7.9327783759261630      -7.9327783759233217      -7.9328274450344960      -7.9328274450209451      -7.9319529023864952      -7.9336915894752895      -7.9312611407451383      -7.9347439396273174
    3.900000      -7.9312645382043439      -7.9312811122045588      -7.9312811121998088      -7.9313308466221812      -7.9313308466217141      -7.9312816931969419      -7.9312816932013694      -7.9313331705590224      -7.9313331705469032      -7.9305655035269291      -7.9320832815591995      -7.9299813739235141      -7.9330260636652454
    4.000000      -7.9300024613561000      -7.9300198220989842      -7.9300198220908484      -7.9300719141727294      -7.9300719141733307      -7.9300203368175879      -7.9300203368270532      -7.9300739732792795      -7.9300739732767616      -7.9294063442721603      -7.9307150106497488      -7.9289205704607477      -7.9315499873079807
    4.100000      -7.9289482034276517      -7.9289662642937468      -7.9289662642906569      -7.9290204539073184      -7.9290204539064915      -7.9289667096044116      -7.9289667096120473      -7.9290222358472464      -7.9290222358401978      -7.9284455368830926      -7.9295621521875432      -7.9280472952321208      -7.9302945522523807
    4.200000      -7.9280739047897590      -7.9280925752301794      -7.9280925752269633      -7.9281485906799345      -7.9281485906846623      -7.9280929519483632      -7.9280929519644587      -7.9281500988666025      -7.9281500988647373      -7.9276540679862224      -7.9285987307487167      -7.9273320833347363      -7.9292363511071615
    4.300000      -7.9273529285507678      -7.9273721202397978      -7.9273721202353382      -7.9274296966638209      -7.9274296966600462      -7.9273724321081103      -7.9273724321021817      -7.9274309460522119      -7.9274309460425858      -7.9270050977241580      -7.9277989660167982      -7.9267484498038714      -7.9283511659292190
    4.400000      -7.9267608747214497      -7.9267805058103393      -7.9267805058226068      -7.9268393978877185      -7.9268393978909550      -7.9267807583500129      -7.9267807583505085      -7.9268404106479782      -7.9268404106405583      -7.9264746997445874      -7.9271384881853937      -7.9262733270356751      -7.9276152682761065
    4.500000      -7.9262761210766852      -7.9262961185820489      -7.9262961185950207      -7.9263561076264244      -7.9263561076295561      -7.9262963182027075      -7.9262963182027431      -7.9263569093742374      -7.9263569093718536      -7.9260421343929064      -7.9265951319533787      -7.9258870867763029      -7.9270064107983940
    4.600000      -7.9258799844704644      -7.9259002851540385      -7.9259002851509317      -7.9259611817146087      -7.9259611817241566      -7.9259004384349812      -7.9259004384189531      -7.9259617987501372      -7.9259617987274247      -7.9256897952362575      -7.9261493337178957      -7.9255733077487482      -7.9265044547358077
    4.700000      -7.9255566233883492      -7.9255771735916305      -7.9255771735980565      -7.9256388170256891      -7.9256388170287462      -7.9255772868538665      -7.9255772868433514      -7.9256392745395479      -7.9256392745223527      -7.9254029616787420      -7.9257842190874008      -7.9253184163929173      -7.9260916656479150
    4.800000      -7.9252927911643702      -7.9253135460776418      -7.9253135460838271      -7.9253758022092633      -7.9253758022110228      -7.9253136251008929      -7.9253136250930174      -7.9253761232606559      -7.9253761232468785      -7.9251694598009665      -7.9254854835164412      -7.9251112871020757      -7.9257527550313860
    4.900000      -7.9250775217518861      -7.9250984444215851      -7.9250984444276638      -7.9251612024546656      -7.9251612024608606      -7.9250984943405749      -7.9250984943281821      -7.9251614075106200      -7.9251614074882388      -7.9249792990136925      -7.9252411559406113      -7.9249428529616557      -7.9254747541622281
    5.000000      -7.9249018019763575      -7.9249228620026289      -7.9249228620102494      -7.9249860311603619      -7.9249860311659948      -7.9249228872793998      -7.9249228872843274      -7.9249861380224909      -7.9249861380168971      -7.9248243238932314      -7.9250413117433700      -7.9248057528555647      -7.9252467941886824
    5.100000      -7.9247582602283186      -7.9247794329188768      -7.9247794329252761      -7.9248429392210165      -7.9248429392274895      -7.9247794373796889      -7.9247794373738225      -7.9248429631147816      -7.9248429631075643      -7.9246979007383267      -7.9248777781897486      -7.9246940250077227      -7.9250598468111804
    5.200000      -7.9246408882027506      -7.9246621534237542      -7.9246621534299333      -7.9247259367934300      -7.9247259367990539      -7.9246621403090831      -7.9246621402948056      -7.9247258906296869      -7.9247258906028986      -7.9245946460288366      -7.9247438570668969      -7.9246028479491049      -7.9249064608256781
    5.300000      -7.9245447993581433      -7.9245661408890964      -7.9245661409042700      -7.9246301526370617      -7.9246301526382306      -7.9245661129276774      -7.9245661129299503      -7.9246300472975371      -7.9246300472947384      -7.9245101971094369      -7.9246340765845842      -7.9245283254541041      -7.9247805148274315
    5.400000      -7.9244660251711556      -7.9244874298885000      -7.9244874299044774      -7.9245516305695958      -7.9245516305715622      -7.9244873893658161      -7.9244873893654306      -7.9245514751534252      -7.9245514751526578      -7.9244410211253191      -7.9245439764823082      -7.9244673099045917      -7.9246769959081993
    5.500000      -7.9244013452198141      -7.9244228023991781      -7.9244228024117112      -7.9244871600574349      -7.9244871600641629      -7.9244227512153502      -7.9244227512127328      -7.9244869621749148      -7.9244869621679763      -7.9243842582441442      -7.9244699260101203      -7.9244172584081340      -7.9245918077451378
    5.600000      -7.9243481468175050      -7.9243696477487440      -7.9243696477564223      -7.9244341364942228      -7.9244341364946909      -7.9243695874948035      -7.9243695874930635      -7.9244339024719457      -7.9244339024656298      -7.9243375933583104      -7.9244089720027819      -7.9243761160783208      -7.9245216075807576
    5.700000      -7.9243043102653949      -7.9243258479725114      -7.9243258479818097      -7.9243904467696966      -7.9243904467713220      -7.9243257799811051      -7.9243257799754989      -7.9243901818895734      -7.9243901818721669      -7.9242991518717396      -7.9243587130884450      -7.9243422216241068      -7.9244636696898878
    5.800000      -7.9242681156401442      -7.9242896843993194      -7.9242896844083033      -7.9243543761214683      -7.9243543761222615      -7.9242896097706303      -7.9242896097725515      -7.9243540847878560      -7.9243540847842846      -7.9242674151933770      -7.9243171966683423      -7.9243142311908468      -7.9244157722154425
    5.900000      -7.9242381665426187      -7.9242597616740778      -7.9242597616908235      -7.9243245323427933      -7.9243245323442126      -7.9242596813342931      -7.9242596813387589      -7.9243242182166842      -7.9243242182157010      -7.9242411523699712      -7.9242828345405218      -7.9242910569275962      -7.9243761040212020
    6.000000      -7.9242133285122796      -7.9242349462008121      -7.9242349462077009      -7.9242997843310317      -7.9242997843419545      -7.9242348609028532      -7.9242348609035611      -7.9242994504820867      -7.9242994504710778      -7.9242193647838732      -7.9242543342418958      -7.9242718173680311      -7.9243431882221156
