# molecule         = LiH
# geometry         = Li 0 0 0; H 0 0 {R:.6f}
# basis            = sadlej
# basis_source     = sadlej.gbs
# lambda           = 0.000000
# omega            = 0.006400
# mode_dir         = [1.0, 0.0, 0.0]
# scheme           = general
# offdiag          = none
# method           = QED-FCI
# nboson_max       = 20
# n_fock_states    = 21
# ff_step_h        = 0.0005
# n_field_points   = 13
# fci_tol          = 1e-11
# fci_max_cycle    = 300
# scf_conv_tol     = 1e-12
# center_geometry  = True
# frozen_core_orbitals = 1
# coherent_state   = True
# z_selfconsistent_iter = 4
# R_range_Ang      = 0.8:0.1:6.0
# R_e_ref_Ang      = 1.5957
# pyscf            = 2.11.0
# python           = 3.13.12
# host             = fedora
# date             = 2026-08-16 15:52:56
# columns          = R,fci[0],fci[+x],fci[-x],fci[+2x],fci[-2x],fci[+y],fci[-y],fci[+2y],fci[-2y],fci[+z],fci[-z],fci[+2z],fci[-2z]
    0.800000      -7.7759838264243015      -7.7759872442251181      -7.7759872442254876      -7.7759974993090859      -7.7759974993085734      -7.7759872442260392      -7.7759872442258136      -7.7759974993091534      -7.7759974993085921      -7.7750372156537315      -7.7769337844918578      -7.7740939663789570      -7.7778870784789973
    0.900000      -7.8615845568248357      -7.8615877267840091      -7.8615877267849141      -7.8615972380911954      -7.8615972380908623      -7.8615877267850554      -7.8615877267849230      -7.8615972380911963      -7.8615972380908632      -7.8606317712048348      -7.8625406617808133      -7.8596823194523813      -7.8635000740102612
    1.000000      -7.9203890822605345      -7.9203921552423351      -7.9203921552435590      -7.9204013755001501      -7.9204013754999503      -7.9203921552438121      -7.9203921552437171      -7.9204013755001856      -7.9204013754999583      -7.9194211943412869      -7.9213604388703720      -7.9184567932534584      -7.9223352484813327
    1.100000      -7.9602228593230899      -7.9602259272566354      -7.9602259272575839      -7.9602351323543221      -7.9602351323541587      -7.9602259272577589      -7.9602259272576825      -7.9602351323543452      -7.9602351323541622      -7.9592329312992574      -7.9612165302817752      -7.9582467699307706      -7.9622139231355469
    1.200000      -7.9865749465987079      -7.9865780714585908      -7.9865780714595731      -7.9865874473818508      -7.9865874473816687      -7.9865780714597676      -7.9865780714596992      -7.9865874473818721      -7.9865874473816838      -7.9855575851089791      -7.9875964317765575      -7.9845443785777048      -7.9886220124702536
    1.300000      -8.0033240905995040      -8.0033273193465870      -8.0033273193477150      -8.0033370070099732      -8.0033370070097529      -8.0033273193478305      -8.0033273193477559      -8.0033370070099821      -8.0033370070097529      -8.0022750326180212      -8.0043777546609416      -8.0012306220428240      -8.0054359871842546
    1.400000      -8.0132312668023964      -8.0132346385641267      -8.0132346385655797      -8.0132447554226385      -8.0132447554224058      -8.0132346385658781      -8.0132346385657822      -8.0132447554226758      -8.0132447554224129      -8.0121471515771656      -8.0143205725126521      -8.0110682815909922      -8.0154150186292590
    1.500000      -8.0182772827691160      -8.0182808310847644      -8.0182808310863063      -8.0182914777773959      -8.0182914777770851      -8.0182808310865958      -8.0182808310864679      -8.0182914777774137      -8.0182914777770904      -8.0171555688723330      -8.0194048777706648      -8.0160398086131686      -8.0205382873487139
    1.600000      -8.0198891432734207      -8.0198928966441194      -8.0198928966436469      -8.0199041587354234      -8.0199041587349953      -8.0198928966438050      -8.0198928966436593      -8.0199041587354287      -8.0199041587350006      -8.0187280528776057      -8.0210569213496594      -8.0175737461926460      -8.0222312989875437
    1.700000      -8.0190945299666687      -8.0190985131855221      -8.0190985131860124      -8.0191104650826404      -8.0191104650820648      -8.0190985131861297      -8.0190985131860728      -8.0191104650826528      -8.0191104650820666      -8.0178929807651595      -8.0203037062600551      -8.0166991855819187      -8.0215203931718904
    1.800000      -8.0166334990765016      -8.0166377351034424      -8.0166377351036093      -8.0166504457703205      -8.0166504457695158      -8.0166377351037088      -8.0166377351036306      -8.0166504457703276      -8.0166504457695140      -8.0153910639192656      -8.0178846577824459      -8.0141575198671333      -8.0191443864651362
    1.900000      -8.0130404437325957      -8.0130449554465066      -8.0130449554467980      -8.0130584935640723      -8.0130584935652518      -8.0130449554469489      -8.0130449554468353      -8.0130584935640830      -8.0130584935652518      -8.0117573563677222      -8.0143335400598925      -8.0104844988231374      -8.0156364432232579
    2.000000      -8.0087028339880018      -8.0087076454245327      -8.0087076454245754      -8.0087220831818478      -8.0087220831835069      -8.0087076454247210      -8.0087076454245718      -8.0087220831818549      -8.0087220831835104      -8.0073800298515003      -8.0100371617337629      -8.0060690400876666      -8.0113827475141086
    2.100000      -8.0039026195892014      -8.0039077568604604      -8.0039077568608210      -8.0039231726661182      -8.0039231726659548      -8.0039077568610697      -8.0039077568608761      -8.0039231726661271      -8.0039231726659565      -8.0025418011260001      -8.0052767557320070      -8.0011946826468971      -8.0066638611207264
    2.200000      -7.9988454563669045      -7.9988509483283492      -7.9988509483283270      -7.9988674288656574      -7.9988674288653723      -7.9988509483285970      -7.9988509483283332      -7.9988674288656592      -7.9988674288653723      -7.9974491788626665      -8.0002571870058432      -7.9960688564464437      -8.0016839143979954
    2.300000      -7.9936815859145112      -7.9936874647649363      -7.9936874647647898      -7.9937051067350069      -7.9937051067354661      -7.9936874647651592      -7.9936874647647942      -7.9937051067350069      -7.9937051067354670      -7.9922533624248562      -7.9951278152954579      -7.9908438024402431      -7.9965914540365226
    2.400000      -7.9885209571648819      -7.9885272589584897      -7.9885272589572844      -7.9885461706358099      -7.9885461706366243      -7.9885272589578573      -7.9885272589573422      -7.9885461706358170      -7.9885461706366252      -7.9870653803942604      -7.9899976014194145      -7.9856317296912431      -7.9914945358499025
    2.500000      -7.9834442860637305      -7.9834510511616887      -7.9834510511595935      -7.9834713537946493      -7.9834713537945294      -7.9834510511603787      -7.9834510511596442      -7.9834713537946573      -7.9834713537945259      -7.9819671632143052      -7.9849461544733664      -7.9805159008390607      -7.9864717604331101
    2.600000      -7.9785111793627328      -7.9785184528166937      -7.9785184528167301      -7.9785402817316777      -7.9785402817314521      -7.9785184528167603      -7.9785184528167399      -7.9785402817316795      -7.9785402817314468      -7.9770196723233395      -7.9800318482627093      -7.9755587628471085      -7.9815803813004758
    2.700000      -7.9737660944974049      -7.9737739262437275      -7.9737739262437444      -7.9737974314012297      -7.9737974314008575      -7.9737739262437834      -7.9737739262437586      -7.9737974314012332      -7.9737974314008584      -7.9722688510823101      -7.9752977834419889      -7.9708078790543047      -7.9768622649815519
    2.800000      -7.9692426770160854      -7.9692511217180009      -7.9692511217183153      -7.9692764672644163      -7.9692764672650176      -7.9692511217184760      -7.9692511217184414      -7.9692764672644349      -7.9692764672650247      -7.9677499283329958      -7.9707761446162939      -7.9663001792056338      -7.9723482579181635
    2.900000      -7.9649668540257057      -7.9649759703909133      -7.9649759703937599      -7.9650033325917384      -7.9650033325927190      -7.9649759703915564      -7.9649759703939740      -7.9650033325917793      -7.9650033325927261      -7.9634904384693295      -7.9664913423140771      -7.9620648730567867      -7.9680613586466382
    3.000000      -7.9609589401409533      -7.9609687894452010      -7.9609687894482501      -7.9609983522242285      -7.9609983522241388      -7.9609687894483283      -7.9609687894484198      -7.9609983522242578      -7.9609983522241405      -7.9595121979707422      -7.9624622102479652      -7.9581252494528822      -7.9640189769955159
    3.100000      -7.9572349224713044      -7.9572455660146337      -7.9572455660174635      -7.9572775132873961      -7.9572775132872025      -7.9572455660173365      -7.9572455660174937      -7.9572775132873979      -7.9572775132872069      -7.9558323928199322      -7.9587034375647825      -7.9544995076974097      -7.9602344722209644
    3.200000      -7.9538070359325621      -7.9538185312506267      -7.9538185312540790      -7.9538530355140624      -7.9538530355137560      -7.9538185312538996      -7.9538185312541518      -7.9538530355140704      -7.9538530355137569      -7.9524638918048423      -7.9552263523268083      -7.9512007556519562      -7.9567180951421328
    3.300000      -7.9506837286947940      -7.9506961245578731      -7.9506961245573562      -7.9507333318843711      -7.9507333318838711      -7.9506961245569743      -7.9506961245573660      -7.9507333318843756      -7.9507333318838711      -7.9494149200566566      -7.9520391413340707      -7.9482363725040877      -7.9534774169431142
    3.400000      -7.9478691572983946      -7.9478824880032750      -7.9478824880046908      -7.9479225008818108      -7.9479225008825001      -7.9478824880046020      -7.9478824880046943      -7.9479225008818108      -7.9479225008824992      -7.9466883077905077      -7.9491465999816837      -7.9456070605811524      -7.9505173145530224
    3.500000      -7.9453624347285574      -7.9453767146093792      -7.9453767146110330      -7.9454195754911723      -7.9454195754921368      -7.9453767146109238      -7.9453767146110597      -7.9454195754911821      -7.9454195754921377      -7.9442806427958486      -7.9465495560411217      -7.9433060368357209      -7.9478396040137413
    3.600000      -7.9431569429540838      -7.9431721624364124      -7.9431721624378993      -7.9432178419850148      -7.9432178419859572      -7.9431721624377385      -7.9431721624379161      -7.9432178419850175      -7.9432178419859554      -7.9421817308833473      -7.9442441867253466      -7.9413188340558278      -7.9454424650293936
    3.700000      -7.9412400492919533      -7.9412561737524694      -7.9412561737541321      -7.9413045674786185      -7.9413045674784248      -7.9412561737539615      -7.9412561737541800      -7.9413045674786220      -7.9413045674784257      -7.9403747217082365      -7.9422215080008831      -7.9396240143986629      -7.9433198614275433
    3.800000      -7.9395934751872099      -7.9396104471747417      -7.9396104471761051      -7.9396613821807769      -7.9396613821805406      -7.9396104471759168      -7.9396104471761584      -7.9396613821807822      -7.9396613821805397      -7.9388370556888468      -7.9404673044248071      -7.9381947772144557      -7.9414611948876566
    3.900000      -7.9381943619797619      -7.9382121063956292      -7.9382121063967004      -7.9382653569842283      -7.9382653569839610      -7.9382121063965290      -7.9382121063967652      -7.9382653569842443      -7.9382653569839654      -7.9375421037787319      -7.9389626555243566      -7.9370011258965620      -7.9398513930402945
    4.000000      -7.9370168472311340      -7.9370352782040339      -7.9370352782055917      -7.9370905865389911      -7.9370905865387105      -7.9370352782055837      -7.9370352782057898      -7.9370905865390329      -7.9370905865387185      -7.9364611479772238      -7.9376850291152889      -7.9360121102167795      -7.9384715172319549
    4.100000      -7.9360338203448286      -7.9360528482308945      -7.9360528482285453      -7.9361099453947475      -7.9361099453944197      -7.9360528482313484      -7.9360528482285986      -7.9361099453947554      -7.9361099453944242      -7.9355652923381506      -7.9366097353779503      -7.9351977271156802      -7.9372998178363448
    4.200000      -7.9352185249961646      -7.9352380623637329      -7.9352380623620808      -7.9352966860901848      -7.9352966860898562      -7.9352380623622407      -7.9352380623621421      -7.9352966860902034      -7.9352966860898606      -7.9348269968464029      -7.9357114500243497      -7.9345302581563759      -7.9363130361138170
    4.300000      -7.9345457882244963      -7.9345657539856473      -7.9345657539848942      -7.9346256611599362      -7.9346256611622037      -7.9345657539853276      -7.9345657539850745      -7.9346256611600170      -7.9346256611622357      -7.9342211005263339      -7.9349655451039469      -7.9339850207184179      -7.9354877064987575
    4.400000      -7.9339928010971894      -7.9340131229142195      -7.9340131229138828      -7.9340740967273664      -7.9340740967291445      -7.9340131229142070      -7.9340131229139246      -7.9340740967273859      -7.9340740967291534      -7.9337253522812237      -7.9343490719903427      -7.9335406365072370      -7.9348012568349864
    4.500000      -7.9335394904231524      -7.9335601056342604      -7.9335601056346992      -7.9336219583070982      -7.9336219583055962      -7.9335601056351583      -7.9335601056350100      -7.9336219583072749      -7.9336219583057028      -7.9333205538139904      -7.9338413589474381      -7.9331789655003497      -7.9342327972288702
    4.600000      -7.9331685789907453      -7.9331894344919736      -7.9331894344928280      -7.9332520069146746      -7.9332520069158470      -7.9331894344931468      -7.9331894344932072      -7.9332520069149099      -7.9332520069160033      -7.9329904425646429      -7.9334242707978593      -7.9328848438314123      -7.9337635820876944
    4.700000      -7.9328654419456210      -7.9328864934608658      -7.9328864934618482      -7.9329496529930417      -7.9329496529940737      -7.9328864934619387      -7.9328864934622159      -7.9329496529932886      -7.9329496529942505      -7.9327214270856503      -7.9330822170264605      -7.9326457301438627      -7.9333771928314603
    4.800000      -7.9326178509843057      -7.9326390620337843      -7.9326390620350153      -7.9327026993969252      -7.9327026993976801      -7.9326390620350375      -7.9326390620355429      -7.9327026993972929      -7.9327026993979581      -7.9325022579319562      -7.9328019984610982      -7.9324513293607390      -7.9330595159826149
    4.900000      -7.9324156725891921      -7.9324370133710191      -7.9324370133720530      -7.9325010392937125      -7.9325010392938964      -7.9324370133717927      -7.9324370133724420      -7.9325010392939923      -7.9325010392941193      -7.9323236877509746      -7.9325725671002196      -7.9322932335612153      -7.9327985913945573
    5.000000      -7.9322505625775168      -7.9322720088903687      -7.9322720088920935      -7.9323363508762945      -7.9323363508763736      -7.9322720088928609      -7.9322720088938787      -7.9323363508777289      -7.9323363508775628      -7.9321781509916702      -7.9323847524167199      -7.9321645994699050      -7.9325843916283940
    5.100000      -7.9321156808259863      -7.9321372130883008      -7.9321372130897672      -7.9322018124907698      -7.9322018124905416      -7.9321372130901846      -7.9321372130912300      -7.9322018124919591      -7.9322018124915541      -7.9320594778877265      -7.9322309880211952      -7.9320598695126128      -7.9324085759427208
    5.200000      -7.9320054372814761      -7.9320270396958534      -7.9320270396976706      -7.9320918491911474      -7.9320918491909120      -7.9320270396980499      -7.9320270396991415      -7.9320918491922772      -7.9320918491918713      -7.9319626475108400      -7.9321050576597845      -7.9319745363070098      -7.9322642464981454
    5.300000      -7.9319152728365632      -7.9319369326642812      -7.9319369326655895      -7.9320019141103284      -7.9320019141100877      -7.9319369326657414      -7.9319369326668729      -7.9320019141113791      -7.9320019141110159      -7.9318835792162998      -7.9320018694071068      -7.9319049469541625      -7.9321457222853793
    5.400000      -7.9318414739163057      -7.9318631809038491      -7.9318631809059230      -7.9319283035728940      -7.9319283035727306      -7.9318631809063245      -7.9318631809075173      -7.9319283035740922      -7.9319283035737724      -7.9318189589972041      -7.9319172605751671      -7.9318481420062810      -7.9320483379790101
    5.500000      -7.9317810179648642      -7.9318027638358641      -7.9318027638373660      -7.9318680029579172      -7.9318680029576338      -7.9318027638373341      -7.9318027638384754      -7.9318680029587476      -7.9318680029583675      -7.9317660963917094      -7.9318478324622728      -7.9318017239508940      -7.9319682698730478
    5.600000      -7.9317314456291950      -7.9317532237147290      -7.9317532237152601      -7.9318185593048938      -7.9318185593046131      -7.9317532237152113      -7.9317532237163668      -7.9318185593057411      -7.9318185593053743      -7.9317228072486641      -7.9317908121561302      -7.9317637501764011      -7.9319023879882646
    5.700000      -7.9316907559387833      -7.9317125608458889      -7.9317125608465391      -7.9317779767541712      -7.9317779767538603      -7.9317125608464343      -7.9317125608475667      -7.9317779767549004      -7.9317779767544980      -7.9316873181539966      -7.9317439380630450      -7.9317326461692161      -7.9318481320845988
    5.800000      -7.9316573205542529      -7.9316791479124609      -7.9316791479128721      -7.9317446310575992      -7.9317446310572448      -7.9316791479125577      -7.9316791479136306      -7.9317446310581152      -7.9317446310576534      -7.9316581886990845      -7.9317053656724790      -7.9317071351937436      -7.9318034086299409
    5.900000      -7.9316298138547552      -7.9316516601200835      -7.9316516601206466      -7.9317171998827272      -7.9317171998803353      -7.9316516601202816      -7.9316516601213731      -7.9317171998831002      -7.9317171998804215      -7.9316342483746736      -7.9316735902976143      -7.9316861813915036      -7.9317665057216473
    6.000000      -7.9316071561057333      -7.9316290183869071      -7.9316290183871496      -7.9316946061131519      -7.9316946061105895      -7.9316290183865306      -7.9316290183875768      -7.9316946061132949      -7.9316946061104892      -7.9316145454108273      -7.9316473839612103      -7.9316689437637669      -7.9317360231782423
