# molecule         = LiH
# geometry         = Li 0 0 0; H 0 0 {R:.6f}
# basis            = sadlej
# basis_source     = sadlej.gbs
# lambda           = 0.100000
# omega            = 0.006400
# mode_dir         = [0.0, 0.0, 1.0]
# scheme           = axial
# offdiag          = none
# method           = QED-FCI
# nboson_max       = 20
# n_fock_states    = 21
# ff_step_h        = 0.0005
# n_field_points   = 9
# fci_tol          = 1e-11
# fci_max_cycle    = 300
# scf_conv_tol     = 1e-12
# center_geometry  = True
# frozen_core_orbitals = 1
# coherent_state   = True
# z_selfconsistent_iter = 4
# R_range_Ang      = 0.8:0.1:6.0
# R_e_ref_Ang      = 1.5957
# pyscf            = 2.11.0
# python           = 3.13.12
# host             = fedora
# date             = 2026-08-14 11:44:23
# columns          = R,fci[0],fci[+z],fci[-z],fci[+2z],fci[-2z],fci[+x],fci[-x],fci[+2x],fci[-2x]
    0.800000      -7.7655650116280253      -7.7646318507942151      -7.7665007520413329      -7.7637012681821425      -7.7674390739737209      -7.7655680592051981      -7.7655680592100431      -7.7655772029189709      -7.7655772029217571
    0.900000      -7.8510950648339852      -7.8501531564957592      -7.8520395678050816      -7.8492138423673801      -7.8529866663666725      -7.8510979039009481      -7.8510979039022208      -7.8511064219380735      -7.8511064219366631
    1.000000      -7.9096125640621384      -7.9086529887093437      -7.9105748616070795      -7.9076961365561385      -7.9115398809225521      -7.9096153166617524      -7.9096153166625482      -7.9096235752443107      -7.9096235752433968
    1.100000      -7.9489814764439313      -7.9479972824103209      -7.9499686071351343      -7.9470160278157547      -7.9509586723552381      -7.9489842172033036      -7.9489842172044032      -7.9489924402568830      -7.9489924402563634
    1.200000      -7.9747196697841662      -7.9737050385714268      -7.9757375237200598      -7.9726936351267907      -7.9767585960655891      -7.9747224497415949      -7.9747224497428340      -7.9747307904175200      -7.9747307904171203
    1.300000      -7.9907566913682473      -7.9897065946211283      -7.9918103532463478      -7.9886600709240900      -7.9928675732284127      -7.9907595507298241      -7.9907595507317506      -7.9907681296843007      -7.9907681296872983
    1.400000      -7.9999235491096918      -7.9988338986444667      -8.0010171549147238      -7.9977482149631012      -8.0021147056864237      -7.9999265217162900      -7.9999265217188249      -7.9999354404774934      -7.9999354404811411
    1.500000      -8.0042487871476968      -8.0031164601308085      -8.0053855086590815      -8.0019885434541305      -8.0065266101512265      -8.0042519006259862      -8.0042519006316706      -8.0042612421373711      -8.0042612421384369
    1.600000      -8.0051638902754316      -8.0039864844018940      -8.0063461850607052      -8.0028139888752605      -8.0075333490059482      -8.0051671662815735      -8.0051671662874941      -8.0051769955284957      -8.0051769955268526
    1.700000      -8.0036777120636042      -8.0024533157264521      -8.0049075556425286      -8.0012343951513891      -8.0061428200587592      -8.0036811676747774      -8.0036811676812043      -8.0036915359123633      -8.0036915359152268
    1.800000      -8.0005105431185903      -7.9992376422756255      -8.0017895242309613      -7.9979708592669656      -8.0030745507477246      -8.0005141926609209      -8.0005141926631289      -8.0005251428585602      -8.0005251428609210
    1.900000      -7.9961830989161378      -7.9948605709096316      -7.9975124285240931      -7.9935448936679840      -7.9988485140212866      -7.9961869554647409      -7.9961869554646903      -7.9961985269333535      -7.9961985269220950
    2.000000      -7.9910743293309920      -7.9897014665583894      -7.9924548207754276      -7.9883362966249631      -7.9938428811694457      -7.9910784058111259      -7.9910784058114039      -7.9910906373595596      -7.9910906373472006
    2.100000      -7.9854605867304667      -7.9840371279251672      -7.9868926296756637      -7.9826223370587606      -7.9883331787021579      -7.9854648966648760      -7.9854648966646451      -7.9854778288870278      -7.9854778288689197
    2.200000      -7.9795431573091138      -7.9780693245407006      -7.9810266879068390      -7.9766052994754464      -7.9825198140206446      -7.9795477153540668      -7.9795477153544061      -7.9795613922807034      -7.9795613922595932
    2.300000      -7.9734681001518544      -7.9719446476854134      -7.9750025623397196      -7.9704323500571022      -7.9765478993512202      -7.9734729225745511      -7.9734729225728316      -7.9734873930820376      -7.9734873930571304
    2.400000      -7.9673408227446298      -7.9657691085540634      -7.9689251114528838      -7.9642101625915833      -7.9705217951494500      -7.9673459279410812      -7.9673459279439314      -7.9673612473528657      -7.9673612473501993
    2.500000      -7.9612369535840548      -7.9596190502472464      -7.9628693258224148      -7.9580158780291610      -7.9645159248762756      -7.9612423628258426      -7.9612423628274467      -7.9612585950349031      -7.9612585950325476
    2.600000      -7.9552105573599867      -7.9535494296451539      -7.9568884886330329      -7.9519054670742140      -7.9585828912625791      -7.9552162958239983      -7.9552162958245507      -7.9552335164701882      -7.9552335164685530
    2.700000      -7.9493004494712780      -7.9476002459553907      -7.9510203973064044      -7.9459202978161976      -7.9527596231750302      -7.9493065478886455      -7.9493065478830154      -7.9493248493933493      -7.9493248493926112
    2.800000      -7.9435352305368800      -7.9418017775017722      -7.9452922353796129      -7.9400926222679864      -7.9470721180150807      -7.9435417279788378      -7.9435417279901026      -7.9435612278683463      -7.9435612278696155
    2.900000      -7.9379376583563150      -7.9361793323114487      -7.9397246449116174      -7.9344508035093968      -7.9415392792109332      -7.9379446070715129      -7.9379446070574664      -7.9379654623121949      -7.9379654623188038
    3.000000      -7.9325291725055047      -7.9307585387662627      -7.9343356583507729      -7.9290255938912049      -7.9361763925303404      -7.9325366467184342      -7.9325366467040856      -7.9325590805282413      -7.9325590805470139
    3.100000      -7.9273360692801322      -7.9255732257038582      -7.9291455870765155      -7.9238602824689721      -7.9309990498148260      -7.9273441829997537      -7.9273441829689384      -7.9273685385096888      -7.9273685385041786
    3.200000      -7.9224009602567147      -7.9206811434818185      -7.9241853624023593      -7.9190322990323860      -7.9260292124645160      -7.9224099072919412      -7.9224099072275731      -7.9224367675251521      -7.9224367675156699
    3.300000      -7.9178101798616876      -7.9162031740600121      -7.9195154641632124      -7.9147091062978490      -7.9213080582165913      -7.9178203331356656      -7.9178203330674144      -7.9178508201476863      -7.9178508200853610
    3.400000      -7.9137682114293915      -7.9124241877854757      -7.9152781034486441      -7.9112755261638661      -7.9169308641943239      -7.9137803557132349      -7.9137803556833966      -7.9138168296132427      -7.9138168296515650
    3.500000      -7.9107088736154205      -7.9098251140254181      -7.9118191871277919      -7.9091675391313112      -7.9131475936490299      -7.9107240760608315      -7.9107240759542643      -7.9107697243627335      -7.9107697242896844
    3.600000      -7.9088745867214989      -7.9083745262513618      -7.9095531674998938      -7.9080360930691320      -7.9104262536355634      -7.9088922618722410      -7.9088922618448638      -7.9089453010589024      -7.9089453010391857
    3.700000      -7.9078273300768744      -7.9075357347609661      -7.9082480970622724      -7.9073620822261672      -7.9088089937343478      -7.9078462052336063      -7.9078462052421790      -7.9079028282771091      -7.9079028282053256
    3.800000      -7.9071739999476360      -7.9069995288909132      -7.9074506157601592      -7.9069198795126301      -7.9078362528554083      -7.9071934682096918      -7.9071934682301164      -7.9072518640581562      -7.9072518640613394
    3.900000      -7.9067366652846660      -7.9066345526637800      -7.9069254458853706      -7.9066139052576467      -7.9072056492430765      -7.9067564646702149      -7.9067564646772288      -7.9068158502285169      -7.9068158502376722
    4.000000      -7.9064315355734127      -7.9063772385143380      -7.9065628278712650      -7.9063959625225060      -7.9067746787547826      -7.9064515372068573      -7.9064515372200850      -7.9065115276226239      -7.9065115276380764
    4.100000      -7.9062136420809619      -7.9061923670588907      -7.9063054274327484      -7.9062383964989040      -7.9064705575926055      -7.9062337751739973      -7.9062337751818044      -7.9062941588030569      -7.9062941588134059
    4.200000      -7.9060563191148550      -7.9060585279023305      -7.9061200314116125      -7.9061239634033855      -7.9062520227167266      -7.9060765416091527      -7.9060765416252492      -7.9061371926387611      -7.9061371927092496
    4.300000      -7.9059426390280469      -7.9059618823366948      -7.9059859247852051      -7.9060413185722025      -7.9060937696966134      -7.9059629246504057      -7.9059629246712078      -7.9060237646851546      -7.9060237647455862
    4.400000      -7.9058613437369862      -7.9058931085405542      -7.9058895065620547      -7.9059827264040639      -7.9059793922683053      -7.9058816755659791      -7.9058816755945909      -7.9059426539009703      -7.9059426539475757
    4.500000      -7.9058046921887328      -7.9058457395471988      -7.9058215140451482      -7.9059427745965660      -7.9058978204184633      -7.9058250609792617      -7.9058250610063840      -7.9058861443195809      -7.9058861443553674
    4.600000      -7.9057672315551173      -7.9058151827971272      -7.9057754612529987      -7.9059175939863815      -7.9058413586724052      -7.9057876262484719      -7.9057876262799942      -7.9058487926098460      -7.9058487926376717
    4.700000      -7.9057450170440289      -7.9057981018988475      -7.9057466974431483      -7.9059043568606802      -7.9058045240138348      -7.9057654345851809      -7.9057654346166313      -7.9058266694612538      -7.9058266694835764
    4.800000      -7.9057351379784695      -7.9057920121383036      -7.9057318088331057      -7.9059009413658519      -7.9057833189480622      -7.9057555752409758      -7.9057555752789028      -7.9058168691483894      -7.9058168691666353
    4.900000      -7.9057353801552157      -7.9057950060176765      -7.9057282235997794      -7.9059057019756631      -7.9057747572293833      -7.9057558350821386      -7.9057558351164570      -7.9058171818767695      -7.9058171818929788
    5.000000      -7.9057440040859008      -7.9058055658435187      -7.9057339452918436      -7.9059173118414474      -7.9057765459776652      -7.9057644754004759      -7.9057644754342418      -7.9058258711507365      -7.9058258711660390
    5.100000      -7.9057595934227196      -7.9058224366940033      -7.9057473718127564      -7.9059346561042405      -7.9057868700138041      -7.9057800802528808      -7.9057800802664024      -7.9058415223956366      -7.9058415224109222
    5.200000      -7.9057809503230931      -7.9058445394912846      -7.9057671703258743      -7.9059567601607874      -7.9058042429834012      -7.9058014528459175      -7.9058014528686380      -7.9058629397356723      -7.9058629397597890
    5.300000      -7.9058070379656336      -7.9058709245421852      -7.9057922046645688      -7.9059827513587164      -7.9058274164053230      -7.9058275544505445      -7.9058275544679999      -7.9058890848328973      -7.9058890848535768
    5.400000      -7.9058369237112984      -7.9059007263252550      -7.9058214685969679      -7.9060118251249021      -7.9058553025045564      -7.9058574541329367      -7.9058574541468385      -7.9059190269876538      -7.9059190270061865
    5.500000      -7.9058697646236666      -7.9059331537531854      -7.9058540625630229      -7.9060432381484791      -7.9058869395167823      -7.9058903088668648      -7.9058903089047412      -7.9059519232608908      -7.9059519232823723
    5.600000      -7.9059047939009481      -7.9059674815590375      -7.9058891750571707      -7.9060763040377866      -7.9059214683286854      -7.9059253516643704      -7.9059253516930728      -7.9059870065287683      -7.9059870065521789
    5.700000      -7.9059413117107118      -7.9060030449897969      -7.9059260692586903      -7.9061103914001052      -7.9059581128368501      -7.9059618826114226      -7.9059618826423650      -7.9060235768546603      -7.9060235768807354
    5.800000      -7.9059786838911741      -7.9060392407340716      -7.9059640791065720      -7.9061449263821810      -7.9059961738089051      -7.9059992675332271      -7.9059992675648658      -7.9060609999560887      -7.9060609999909053
    5.900000      -7.9060163412479829      -7.9060755274163244      -7.9060026064496052      -7.9061793948235568      -7.9060350234579433      -7.9060369371742976      -7.9060369372027663      -7.9060987064924753      -7.9060987065258361
    6.000000      -7.9060537793290688      -7.9061114268562509      -7.9060411199883367      -7.9062133437983562      -7.9060741029891783      -7.9060743871423975      -7.9060743871668731      -7.9061361920047277      -7.9061361920415303
