# molecule         = LiH
# geometry         = Li 0 0 0; H 0 0 {R:.6f}
# basis            = sadlej
# basis_source     = sadlej.gbs
# lambda           = 0.025000
# omega            = 0.006400
# mode_dir         = [0.0, 0.0, 1.0]
# scheme           = axial
# offdiag          = none
# method           = QED-FCI
# nboson_max       = 20
# n_fock_states    = 21
# ff_step_h        = 0.0005
# n_field_points   = 9
# fci_tol          = 1e-11
# fci_max_cycle    = 300
# scf_conv_tol     = 1e-12
# center_geometry  = True
# frozen_core_orbitals = 1
# coherent_state   = True
# z_selfconsistent_iter = 4
# R_range_Ang      = 0.8:0.1:6.0
# R_e_ref_Ang      = 1.5957
# pyscf            = 2.11.0
# python           = 3.13.12
# host             = fedora
# date             = 2026-08-14 10:39:57
# columns          = R,mu_abs,mu_x,mu_y,mu_z,a_xx,a_yy,a_zz,a_xz,a_iso,err_xx,err_yy,err_zz,dse_mu_z,dse_a_xx,dse_a_yy,dse_a_zz,dse_a_iso,boson_gap,status
#             R         mu_abs           mu_x           mu_y           mu_z           a_xx           a_yy           a_zz           a_xz          a_iso         err_xx         err_yy         err_zz       dse_mu_z       dse_a_xx       dse_a_yy       dse_a_zz      dse_a_iso      boson_gap         status
     0.800000       1.895119       0.000000       0.000000      -1.895119      27.079128      27.079128      13.008170       0.000000      22.388809       0.003232       0.003232       0.002402      -1.895182      27.061584      27.061584      12.869317      22.330828       0.000000  OK
     0.900000       1.907867       0.000000       0.000000      -1.907867      25.128035      25.128035      12.929312       0.000000      21.061794       0.002711       0.002711       0.002072      -1.907938      25.113133      25.113133      12.796019      21.007428            nan  OK
     1.000000       1.938706      -0.000000       0.000000      -1.938706      24.361130      24.361130      13.522469       0.000000      20.748243       0.002510       0.002510       0.002082      -1.938802      24.346921      24.346921      13.379364      20.691069            nan  OK
     1.100000       1.983571      -0.000000       0.000000      -1.983571      24.316286      24.316286      14.593811       0.000000      21.075461       0.002478       0.002478       0.002278      -1.983703      24.301629      24.301629      14.429408      21.010889            nan  OK
     1.200000       2.039400      -0.000000       0.000000      -2.039400      24.757928      24.757928      16.072922       0.000000      21.862926       0.002568       0.002568       0.002639      -2.039580      24.742003      24.742003      15.875604      21.786537            nan  OK
     1.300000       2.103999       0.000000       0.000000      -2.103999      25.568188      25.568188      17.935389       0.000000      23.023922       0.002747       0.002747       0.003197      -2.104240      25.550275      25.550275      17.691534      22.930695            nan  OK
     1.400000       2.175608       0.000000       0.000000      -2.175608      26.685551      26.685551      20.174552       0.000000      24.515218       0.003014       0.003014       0.003999      -2.175929      26.664948      26.664948      19.867391      24.399096            nan  OK
     1.500000       2.252608       0.000000       0.000000      -2.252608      28.065058      28.065058      22.800601       0.000000      26.310239       0.003360       0.003360       0.005133      -2.253032      28.040970      28.040970      22.409168      26.163702            nan  OK
     1.600000       2.333505       0.000000       0.000000      -2.333505      29.665658      29.665658      25.847554       0.000000      28.392957       0.003787       0.003787       0.006686      -2.334063      29.637130      29.637130      25.345033      28.206431            nan  OK
     1.700000       2.416977      -0.000000       0.000000      -2.416977      31.456392      31.456392      29.375910       0.000000      30.762898       0.004300       0.004300       0.008810      -2.417707      31.422239      31.422239      28.727268      30.523915            nan  OK
     1.800000       2.501806      -0.000000       0.000000      -2.501806      33.421345      33.421345      33.472640       0.000000      33.438443       0.004917       0.004917       0.011697      -2.502759      33.380102      33.380102      32.631240      33.130481            nan  OK
     1.900000       2.586780       0.000000       0.000000      -2.586780      35.558216      35.558216      38.251903       0.000000      36.456111       0.005655       0.005655       0.015618      -2.588020      35.508050      35.508050      37.154901      36.057001            nan  OK
     2.000000       2.670625       0.000000       0.000000      -2.670625      37.874727      37.874727      43.858415       0.000000      39.869289       0.006520       0.006520       0.020968      -2.672233      37.813341      37.813341      42.420431      39.349037            nan  OK
     2.100000       2.751956       0.000000       0.000000      -2.751956      40.385738      40.385738      50.473964       0.000000      43.748480       0.007546       0.007546       0.028268      -2.754037      40.310288      40.310288      48.578165      43.066247            nan  OK
     2.200000       2.829243       0.000000       0.000000      -2.829243      43.111657      43.111657      58.326762       0.000000      48.183359       0.008767       0.008767       0.038234      -2.831932      43.018653      43.018653      55.812377      47.283228            nan  OK
     2.300000       2.900767      -0.000000       0.000000      -2.900767      46.077845      46.077845      67.703431       0.000000      53.286373       0.010208       0.010208       0.051808      -2.904231      45.963015      45.963015      64.348180      52.091403            nan  OK
     2.400000       2.964575      -0.000000       0.000000      -2.964575      49.314449      49.314449      78.962856       0.000000      59.197252       0.011911       0.011911       0.070215      -2.969026      49.172773      49.172773      74.458546      57.601364            nan  OK
     2.500000       3.018430      -0.000000       0.000000      -3.018430      52.856985      52.856985      92.551010       0.000000      66.088327       0.013842       0.013842       0.094845      -3.024124      52.682553      52.682553      86.469871      63.944992            nan  OK
     2.600000       3.059756       0.000000       0.000000      -3.059756      56.746237      56.746237     109.013449       0.000000      74.168641       0.016154       0.016154       0.127193      -3.066997      56.532781      56.532781     100.763439      71.276334            nan  OK
     2.700000       3.085579       0.000000       0.000000      -3.085579      61.028898      61.028898     129.000839       0.000000      83.686212       0.018841       0.018841       0.168053      -3.094703      60.770195      60.770195     117.768070      79.769487            nan  OK
     2.800000       3.092477       0.000000       0.000000      -3.092477      65.756919      65.756919     153.254595       0.000000      94.922811       0.021890       0.021890       0.216536      -3.103826      65.447976      65.447976     137.935874      89.610608            nan  OK
     2.900000       3.076573       0.000000       0.000000      -3.076573      70.985619      70.985619     182.552693       0.000000     108.174644       0.025299       0.025299       0.267315      -3.090422      70.624843      70.624843     161.687316     100.979000            nan  OK
     3.000000       3.033601       0.000000       0.000000      -3.033601      76.769304      76.769304     217.577876       0.000000     123.705495       0.029094       0.029094       0.306492      -3.050038      76.362013      76.362013     189.304797     114.009608            nan  OK
     3.100000       2.959141       0.000000       0.000000      -2.959141      83.153259      83.153259     258.656779       0.000000     141.654432       0.033057       0.033057       0.306101      -2.977879      82.716057      82.716057     220.748533     128.726883            nan  OK
     3.200000       2.849143       0.000000       0.000000      -2.849143      90.158758      90.158758     305.317916       0.000000     161.878477       0.037004       0.037004       0.222053      -2.869269      89.724933      89.724933     255.374190     144.941352            nan  OK
     3.300000       2.700840       0.000000       0.000000      -2.700840      97.761661      97.761661     355.684306       0.000000     183.735876       0.040487       0.040487       0.005980      -2.720583      97.384234      97.384234     291.581305     162.116591            nan  OK
     3.400000       2.514095       0.000000       0.000000      -2.514095     105.865430     105.865430     405.911343       0.000000     205.880734       0.043025       0.043025       0.354559      -2.530784     105.613916     105.613916     326.535850     179.254561            nan  OK
     3.500000       2.292865       0.000000       0.000000      -2.292865     114.279453     114.279453     450.194493       0.000000     226.251133       0.044033       0.044033       0.776716      -2.303330     114.225048     114.225048     356.291447     194.913848            nan  OK
     3.600000       2.046052       0.000000       0.000000      -2.046052     122.719695     122.719695     481.979249       0.000000     242.472880       0.043006       0.043006       1.068678      -2.047545     122.910230     122.910230     376.667291     207.495917            nan  OK
     3.700000       1.786777       0.000000       0.000000      -1.786777     130.847467     130.847467     496.341322       0.000000     252.678752       0.039938       0.039938       1.036244      -1.778070     131.284490     131.284490     384.795432     215.788138            nan  OK
     3.800000       1.529819       0.000000       0.000000      -1.529819     138.341945     138.341945     492.200408       0.000000     256.294766       0.035254       0.035254       0.646710      -1.511750     138.976478     138.976478     380.436533     219.463163            nan  OK
     3.900000       1.288254       0.000000       0.000000      -1.288254     144.972323     144.972323     472.647988       0.000000     254.197545       0.029726       0.029726       0.063777      -1.263315     145.724163     145.724163     366.002135     219.150154            nan  OK
     4.000000       1.071013       0.000000       0.000000      -1.071013     150.633280     150.633280     443.195408       0.000000     248.153989       0.024104       0.024104       0.488919      -1.042325     151.419715     151.419715     345.289058     216.042830            nan  OK
     4.100000       0.882292       0.000000       0.000000      -0.882292     155.334148     155.334148     409.448316       0.000000     240.038871       0.018884       0.018884       0.871250      -0.852663     156.090682     156.090682     321.979571     211.386978            nan  OK
     4.200000       0.722436       0.000000       0.000000      -0.722436     159.160350     159.160350     375.644186       0.000000     231.321628       0.014606       0.014606       1.058310      -0.693899     159.847792     159.847792     298.783665     206.159750            nan  OK
     4.300000       0.589366      -0.000000       0.000000      -0.589366     162.234796     162.234796     344.325029       0.000000     222.931540       0.010765       0.010765       1.092113      -0.563128     162.834927     162.834927     277.301784     200.990546            nan  OK
     4.400000       0.479847      -0.000000       0.000000      -0.479847     164.685677     164.685677     316.660777       0.000000     215.344044       0.007689       0.007689       1.031333      -0.456467     165.195680     165.195680     258.267645     196.219668            nan  OK
     4.500000       0.390345      -0.000000       0.000000      -0.390345     166.631870     166.631870     292.937757       0.000000     208.733833       0.005231       0.005231       0.924035      -0.369949     167.057567     167.057567     241.862477     191.992537            nan  OK
     4.600000       0.317499      -0.000000       0.000000      -0.317499     168.175677     168.175677     272.962415       0.000000     203.104590       0.003232       0.003232       0.801565      -0.299957     168.526792     168.526792     227.966069     188.339884            nan  OK
     4.700000       0.258334      -0.000000       0.000000      -0.258334     169.401240     169.401240     256.326586       0.000000     198.376356       0.001619       0.001619       0.681542      -0.243392     169.688797     169.688797     216.320848     185.232814            nan  OK
     4.800000       0.210319      -0.000000       0.000000      -0.210319     170.376385     170.376385     242.559481       0.000000     194.437417       0.000441       0.000441       0.572300      -0.197672     170.611037     170.611037     206.625259     182.615777            nan  OK
     4.900000       0.171354      -0.000000       0.000000      -0.171354     171.154993     171.154993     231.204271       0.000000     191.171419       0.000528       0.000528       0.476798      -0.160693     171.346195     171.346195     198.582892     180.425094            nan  OK
     5.000000       0.139719      -0.000000       0.000000      -0.139719     171.779238     171.779238     221.851109       0.000000     188.469862       0.001270       0.001270       0.395335      -0.130754     171.935221     171.935221     191.924359     178.598267            nan  OK
     5.100000       0.114015      -0.000000       0.000000      -0.114015     172.282348     172.282348     214.147784       0.000000     186.237494       0.001930       0.001930       0.326817      -0.106485     172.409890     172.409890     186.415163     177.078315            nan  OK
     5.200000       0.093110      -0.000000       0.000000      -0.093110     172.690088     172.690088     207.798713       0.000000     184.392963       0.002473       0.002473       0.269674      -0.086788     172.794849     172.794849     181.856011     175.815236            nan  OK
     5.300000       0.076094      -0.000000       0.000000      -0.076094     173.022575     173.022575     202.559157       0.000000     182.868102       0.002890       0.002890       0.222264      -0.070788     173.109199     173.109199     178.080288     174.766229            nan  OK
     5.400000       0.062228      -0.000000       0.000000      -0.062228     173.295658     173.295658     198.228358       0.000000     181.606558       0.003262       0.003262       0.182961      -0.057774     173.367829     173.367829     174.949561     173.895073            nan  OK
     5.500000       0.050920      -0.000000       0.000000      -0.050920     173.521563     173.521563     194.641991       0.000000     180.561705       0.003560       0.003560       0.150450      -0.047178     173.582306     173.582306     172.349748     173.171454            nan  OK
     5.600000       0.041688      -0.000000       0.000000      -0.041688     173.710642     173.710642     191.666742       0.000000     179.696008       0.004235       0.004235       0.123169      -0.038545     173.761654     173.761654     170.187053     172.570121            nan  OK
     5.700000       0.034147       0.000000       0.000000      -0.034147     173.868569     173.868569     189.191506       0.000000     178.976214       0.004176       0.004176       0.101296      -0.031501     173.912878     173.912878     168.384494     172.070083            nan  OK
     5.800000       0.027983       0.000000       0.000000      -0.027983     174.002411     174.002411     187.129002       0.000000     178.377941       0.004103       0.004103       0.082912      -0.025754     174.041348     174.041348     166.879094     171.653930            nan  OK
     5.900000       0.022941      -0.000000       0.000000      -0.022941     174.117664     174.117664     185.406224       0.000000     177.880518       0.004515       0.004515       0.067677      -0.011206     174.151255     174.151255     185.324588     177.875699            nan  OK
     6.000000       0.018816       0.000000       0.000000      -0.018816     174.216204     174.216204     183.963606       0.000000     177.465338       0.004370       0.004370       0.055070      -0.081083     174.245758     174.245758    -106.475443      80.672024       0.000000  OK
