# molecule         = LiH
# geometry         = Li 0 0 0; H 0 0 {R:.6f}
# basis            = sadlej
# basis_source     = sadlej.gbs
# lambda           = 0.100000
# omega            = 0.120800
# mode_dir         = [0.0, 0.0, 1.0]
# scheme           = axial
# offdiag          = none
# method           = QED-FCI
# nboson_max       = 20
# n_fock_states    = 21
# ff_step_h        = 0.0005
# n_field_points   = 9
# fci_tol          = 1e-11
# fci_max_cycle    = 300
# scf_conv_tol     = 1e-12
# center_geometry  = True
# frozen_core_orbitals = 1
# coherent_state   = True
# z_selfconsistent_iter = 4
# R_range_Ang      = 0.8:0.1:6.0
# R_e_ref_Ang      = 1.5957
# pyscf            = 2.11.0
# python           = 3.13.12
# host             = fedora
# date             = 2026-08-14 15:03:05
# columns          = R,fci[0],fci[+z],fci[-z],fci[+2z],fci[-2z],fci[+x],fci[-x],fci[+2x],fci[-2x]
    0.800000      -7.7676106461465713      -7.7666752638016066      -7.7685489994182877      -7.7657428601172107      -7.7694903175461292      -7.7676138604333014      -7.7676138604339293      -7.7676235045382178      -7.7676235045395607
    0.900000      -7.8531585242249005      -7.8522152099959355      -7.8541048018484005      -7.8512748671018633      -7.8550540363874308      -7.8531615108480812      -7.8531615108485182      -7.8531704717781903      -7.8531704717757913
    1.000000      -7.9117677051820587      -7.9108077719789165      -7.9127307447860797      -7.9098509554864851      -7.9136968819764100      -7.9117706008889890      -7.9117706008898345      -7.9117792890004504      -7.9117792889985576
    1.100000      -7.9512849194614201      -7.9503015816105647      -7.9522716174300365      -7.9493216179184349      -7.9532616631190489      -7.9512878076841016      -7.9512878076850955      -7.9512964733397080      -7.9512964733379938
    1.200000      -7.9772171884234346      -7.9762048992254764      -7.9782331851396338      -7.9751963368141539      -7.9792528720456382      -7.9772201259536377      -7.9772201259551814      -7.9772289395743208      -7.9772289395721732
    1.300000      -7.9934824189239020      -7.9924364865608606      -7.9945324877424948      -7.9913947169367567      -7.9955866691194259      -7.9934854498748180      -7.9934854498776016      -7.9934945438401055      -7.9934945438415941
    1.400000      -8.0029025308335289      -8.0018192066824909      -8.0039904959109158      -8.0007405589370126      -8.0050830694594843      -8.0029056925127957      -8.0029056925153910      -8.0029151787754085      -8.0029151787770552
    1.500000      -8.0075028473261849      -8.0063794104030137      -8.0086315095882004      -8.0052612463616644      -8.0097653535895539      -8.0075061714014240      -8.0075061714061100      -8.0075161450226116      -8.0075161450195882
    1.600000      -8.0087152856926593      -8.0075498573733697      -8.0098866159623068      -8.0063903944846651      -8.0110637898472881      -8.0087187985834305      -8.0087187985843276      -8.0087293388174654      -8.0087293388197534
    1.700000      -8.0075505084721907      -8.0063418402539881      -8.0087658649939684      -8.0051399451084322      -8.0099878319279174      -8.0075542326704294      -8.0075542326714171      -8.0075654070568394      -8.0075654070538036
    1.800000      -8.0047312396746424      -8.0034786385814378      -8.0059914483355143      -8.0022337583707142      -8.0072591605518539      -8.0047351956963517      -8.0047351956977604      -8.0047470658357049      -8.0047470658373552
    1.900000      -8.0007810816752176      -7.9994844384134476      -8.0020864148542952      -7.9981966368243729      -8.0034002988652482      -8.0007852898516205      -8.0007852898493628      -8.0007979167706083      -8.0007979167670680
    2.000000      -7.9960823212399497      -7.9947421818924509      -7.9974324350718655      -7.9934122208648111      -7.9987923370037812      -7.9960868030823073      -7.9960868030839407      -7.9961002513935471      -7.9961002513945942
    2.100000      -7.9909151635838942      -7.9895328221852004      -7.9923090171119187      -7.9881622676644142      -7.9937141323229888      -7.9909199428719946      -7.9909199428702049      -7.9909342839818045      -7.9909342839831972
    2.200000      -7.9854853750698496      -7.9840629873254807      -7.9869211319703393      -7.9826543403912673      -7.9883699204145895      -7.9854904787298402      -7.9854904787312986      -7.9855057935076950      -7.9855057935095255
    2.300000      -7.9799442602610240      -7.9784849866254097      -7.9814191659888989      -7.9770418496166693      -7.9829092472932839      -7.9799497192120414      -7.9799497192100137      -7.9799661005167390      -7.9799661005183049
    2.400000      -7.9744033743462115      -7.9729115626669902      -7.9759135997824133      -7.9714388515105590      -7.9774416200676095      -7.9744092243910876      -7.9744092243922635      -7.9744267797666657      -7.9744267797688853
    2.500000      -7.9689455029971681      -7.9674269205708104      -7.9704859453023911      -7.9659311338774970      -7.9720474073203924      -7.9689517858428829      -7.9689517858390158      -7.9689706405430085      -7.9689706405449208
    2.600000      -7.9636329241763466      -7.9620950465866436      -7.9651969570499865      -7.9605845973462008      -7.9667860057646145      -7.9636396885503853      -7.9636396885461629      -7.9636599889243742      -7.9636599889254427
    2.700000      -7.9585136529782634      -7.9569660088336711      -7.9600928234100623      -7.9554516120081775      -7.9617019820356525      -7.9585209558154428      -7.9585209558155112      -7.9585428728754843      -7.9585428728769969
    2.800000      -7.9536261611102335      -7.9520807126087236      -7.9552098426168447      -7.9505757932245924      -7.9568297023281858      -7.9536340686316462      -7.9536340686248739      -7.9536578012161430      -7.9536578012138976
    2.900000      -7.9490028942045825      -7.9474743945236597      -7.9505779331144515      -7.9459954260374319      -7.9521968176770352      -7.9490114824480171      -7.9490114824406701      -7.9490372588467135      -7.9490372588482279
    3.000000      -7.9446727464750708      -7.9431789483986606      -7.9462231863443247      -7.9417455419994951      -7.9478268468554578      -7.9446821006449149      -7.9446821006446768      -7.9447101765832109      -7.9447101765811396
    3.100000      -7.9406624792807730      -7.9392239759395693      -7.9421695224738338      -7.9378584316337477      -7.9437409731407422      -7.9406726908179577      -7.9406726908131162      -7.9407033406351077      -7.9407033406361265
    3.200000      -7.9369969087782843      -7.9356363019267224      -7.9384393602634313      -7.9343622702603165      -7.9399590408628544      -7.9370080689435492      -7.9370080689442473      -7.9370415662198219      -7.9370415662211142
    3.300000      -7.9336976245651609      -7.9324377355284819      -7.9350531036988308      -7.9312777722783840      -7.9364996195133006      -7.9337098136035582      -7.9337098136049988      -7.9337463985926382      -7.9337463985940690
    3.400000      -7.9307801966297857      -7.9296413055082340      -7.9320272863822190      -7.9286135777296707      -7.9333789576166893      -7.9307934692893225      -7.9307934692863746      -7.9308333053795046      -7.9308333053771465
    3.500000      -7.9282504172416717      -7.9272470807897495      -7.9293715401722960      -7.9263621872652292      -7.9306087832364272      -7.9282647880364401      -7.9282647880347499      -7.9283079177531288      -7.9283079177542444
    3.600000      -7.9261009379605367      -7.9252395002766844      -7.9270851904316046      -7.9244987435985292      -7.9281933153670670      -7.9261163721858274      -7.9261163721859544      -7.9261626903208304      -7.9261626903216174
    3.700000      -7.9243100455146633      -7.9235879410368630      -7.9251548936280969      -7.9229838615864416      -7.9261264371284472      -7.9243264609116562      -7.9243264609131439      -7.9243757198010858      -7.9243757198016205
    3.800000      -7.9228435953986978      -7.9222507250289409      -7.9235546849224701      -7.9217695336331975      -7.9243903322388416      -7.9228608747557043      -7.9228608747575633      -7.9229127222929607      -7.9229127222898610
    3.900000      -7.9216595457631502      -7.9211809817004717      -7.9222487869024745      -7.9208056928994290      -7.9229565032183187      -7.9216775552704259      -7.9216775552726331      -7.9217315899825005      -7.9217315899798768
    4.000000      -7.9207133298715142      -7.9203321923101520      -7.9211961740152530      -7.9200453283819812      -7.9217890089481244      -7.9207319363682407      -7.9207319363702560      -7.9207877589989861      -7.9207877589965676
    4.100000      -7.9199623359142777      -7.9196620142257705      -7.9203552405724329      -7.9194473639145899      -7.9208487411955604      -7.9199814186696686      -7.9199814186549480      -7.9200386673967103      -7.9200386673941114
    4.200000      -7.9193686715711360      -7.9191341406889606      -7.9196873106509633      -7.9189776077712928      -7.9200973399284500      -7.9193881279306151      -7.9193881279252505      -7.9194464951493044      -7.9194464951466799
    4.300000      -7.9189002919269793      -7.9187186682346251      -7.9191585831280742      -7.9186084857223582      -7.9194998898696083      -7.9189200381294231      -7.9189200381256484      -7.9189792734000015      -7.9189792734020275
    4.400000      -7.9185309967978759      -7.9183916032822346      -7.9187407541003028      -7.9183181964313309      -7.9190262590763441      -7.9185509667710345      -7.9185509667707512      -7.9186108719768384      -7.9186108719751784
    4.500000      -7.9182398284557731      -7.9181340042029440      -7.9184107937516677      -7.9180897022986834      -7.9186513863891133      -7.9182599707936827      -7.9182599707951313      -7.9183203920262475      -7.9183203920268186
    4.600000      -7.9180102449191834      -7.9179310556896390      -7.9181503060300376      -7.9179097687243916      -7.9183549369096520      -7.9180305201472549      -7.9180305201449865      -7.9180913391911556      -7.9180913391903651
    4.700000      -7.9178292853337435      -7.9177712211266389      -7.9179447580129656      -7.9177681371717297      -7.9181206682813263      -7.9178496633195063      -7.9178496633171838      -7.9179107899496373      -7.9179107899564061
    4.800000      -7.9176868258736732      -7.9176455256042502      -7.9177827347447982      -7.9176568503532341      -7.9179357260901453      -7.9177072836959850      -7.9177072836930478      -7.9177686492828911      -7.9177686492858577
    4.900000      -7.9175749584140709      -7.9175469757301284      -7.9176552878630471      -7.9175697180768179      -7.9177899829572542      -7.9175954786312452      -7.9175954786266161      -7.9176570310145955      -7.9176570310200614
    5.000000      -7.9174874906756854      -7.9174701020983598      -7.9175553965293881      -7.9175019020412423      -7.9176754685755633      -7.9175080600702215      -7.9175080600654626      -7.9175697596074421      -7.9175697596086945
    5.100000      -7.9174195539778651      -7.9174106049450055      -7.9174775364399510      -7.9174495972496395      -7.9175859017277270      -7.9174401624320030      -7.9174401624295534      -7.9175019789194199      -7.9175019789188976
    5.200000      -7.9173672989167700      -7.9173650818437427      -7.9174173412831035      -7.9174097890354176      -7.9175163163369957      -7.9173879387444410      -7.9173879387417019      -7.9174498491331962      -7.9174498491330834
    5.300000      -7.9173276628279314      -7.9173308211126798      -7.9173713415277192      -7.9173800696911165      -7.9174627691476509      -7.9173483281527899      -7.9173483281468968      -7.9174103147843882      -7.9174103147855419
    5.400000      -7.9172981925490387      -7.9173056452601811      -7.9173367638938252      -7.9173585002275342      -7.9174221132941520      -7.9173188787943420      -7.9173188787866211      -7.9173809280640670      -7.9173809280638547
    5.500000      -7.9172769092622843      -7.9172877922872864      -7.9173113776028670      -7.9173435061773256      -7.9173918234871365      -7.9172976129442016      -7.9172976129375847      -7.9173597143286845      -7.9173597143307912
    5.600000      -7.9172622075647272      -7.9172758274353265      -7.9172933787680950      -7.9173338003401659      -7.9173698635993794      -7.9172829258955160      -7.9172829258869992      -7.9173450711758395      -7.9173450711758342
    5.700000      -7.9172527765610097      -7.9172685745704054      -7.9172812998368327      -7.9173283231538552      -7.9173545826750766      -7.9172735074122516      -7.9172735074043254      -7.9173356901425436      -7.9173356901380512
    5.800000      -7.9172475421430946      -7.9172650660749104      -7.9172739428828844      -7.9173261991985333      -7.9173446378043959      -7.9172682837940211      -7.9172682837815982      -7.9173304988379734      -7.9173304988372335
    5.900000      -7.9172456201258594      -7.9172645023445094      -7.9172703254731163      -7.9173267022012688      -7.9173389315851654      -7.9172663712115758      -7.9172663712053195      -7.9173286144677872      -7.9173286144679063
    6.000000      -7.9172462819620346      -7.9172662221340362      -7.9172696409829131      -7.9173292293630073      -7.9173365660716630      -7.9172670413612138      -7.9172670413549877      -7.9173293094993626      -7.9173293094992321
