# molecule         = LiH
# geometry         = Li 0 0 0; H 0 0 {R:.6f}
# basis            = sadlej
# basis_source     = sadlej.gbs
# lambda           = 0.025000
# omega            = 0.120800
# mode_dir         = [0.0, 0.0, 1.0]
# scheme           = axial
# offdiag          = none
# method           = QED-FCI
# nboson_max       = 20
# n_fock_states    = 21
# ff_step_h        = 0.0005
# n_field_points   = 9
# fci_tol          = 1e-11
# fci_max_cycle    = 300
# scf_conv_tol     = 1e-12
# center_geometry  = True
# frozen_core_orbitals = 1
# coherent_state   = True
# z_selfconsistent_iter = 4
# R_range_Ang      = 0.8:0.1:6.0
# R_e_ref_Ang      = 1.5957
# pyscf            = 2.11.0
# python           = 3.13.12
# host             = fedora
# date             = 2026-08-14 14:21:12
# columns          = R,mu_abs,mu_x,mu_y,mu_z,a_xx,a_yy,a_zz,a_xz,a_iso,err_xx,err_yy,err_zz,dse_mu_z,dse_a_xx,dse_a_yy,dse_a_zz,dse_a_iso,boson_gap,status
#             R         mu_abs           mu_x           mu_y           mu_z           a_xx           a_yy           a_zz           a_xz          a_iso         err_xx         err_yy         err_zz       dse_mu_z       dse_a_xx       dse_a_yy       dse_a_zz      dse_a_iso      boson_gap         status
     0.800000       1.895154      -0.000000       0.000000      -1.895154      27.230232      27.230232      13.262659       0.000000      22.574375       0.003320       0.003320       0.002744      -1.895183      27.061580      27.061580      12.869316      22.330825       0.000000  OK
     0.900000       1.907735      -0.000000       0.000000      -1.907735      25.258926      25.258926      13.158683       0.000000      21.225512       0.002800       0.002800       0.002366      -1.907937      25.113146      25.113146      12.796025      21.007439            nan  OK
     1.000000       1.938314      -0.000000       0.000000      -1.938314      24.486758      24.486758      13.755184       0.000000      20.909567       0.002580       0.002580       0.002366      -1.938798      24.346961      24.346961      13.379389      20.691104            nan  OK
     1.100000       1.982865      -0.000000       0.000000      -1.982865      24.445340      24.445340      14.846987       0.000000      21.245889       0.002550       0.002550       0.002584      -1.983697      24.301707      24.301707      14.429470      21.010961            nan  OK
     1.200000       2.038311       0.000000       0.000000      -2.038311      24.896645      24.896645      16.361595       0.000000      22.051628       0.002638       0.002638       0.002993      -2.039569      24.742137      24.742137      15.875735      21.786670            nan  OK
     1.300000       2.102430       0.000000       0.000000      -2.102430      25.721678      25.721678      18.277357       0.000000      23.240238       0.002829       0.002829       0.003626      -2.104223      25.550496      25.550496      17.691786      22.930926            nan  OK
     1.400000       2.173434       0.000000       0.000000      -2.173434      26.858601      26.858601      20.592633       0.000000      24.769945       0.003107       0.003107       0.004554      -2.175902      26.665303      26.665303      19.867854      24.399487            nan  OK
     1.500000       2.249674      -0.000000       0.000000      -2.249674      28.262738      28.262738      23.322883       0.000000      26.616120       0.003464       0.003464       0.005869      -2.252991      28.041529      28.041529      22.409994      26.164350            nan  OK
     1.600000       2.329619      -0.000000       0.000000      -2.329619      29.893787      29.893787      26.507843       0.000000      28.765139       0.003911       0.003911       0.007690      -2.334001      29.637999      29.637999      25.346468      28.207489            nan  OK
     1.700000       2.411900      -0.000000       0.000000      -2.411900      31.721849      31.721849      30.215563       0.000000      31.219754       0.004454       0.004454       0.010189      -2.417616      31.423577      31.423577      28.729723      30.525625            nan  OK
     1.800000       2.495239      -0.000000       0.000000      -2.495239      33.732330      33.732330      34.543185       0.000000      34.002615       0.005104       0.005104       0.013599      -2.502625      33.382146      33.382146      32.635382      33.133224            nan  OK
     1.900000       2.578357       0.000000       0.000000      -2.578357      35.924452      35.924452      39.618051       0.000000      37.155652       0.005883       0.005883       0.018247      -2.587824      35.511157      35.511157      37.161813      36.061376            nan  OK
     2.000000       2.659896       0.000000       0.000000      -2.659896      38.307678      38.307678      45.601295       0.000000      40.738884       0.006804       0.006804       0.024563      -2.671948      37.818043      37.818043      42.431858      39.355981            nan  OK
     2.100000       2.738373       0.000000       0.000000      -2.738373      40.898792      40.898792      52.694048       0.000000      44.830544       0.007895       0.007895       0.033131      -2.753625      40.317378      40.317378      48.596904      43.077220            nan  OK
     2.200000       2.812145       0.000000       0.000000      -2.812145      43.720205      43.720205      61.145784       0.000000      49.528731       0.009189       0.009189       0.044685      -2.831335      43.029301      43.029301      55.842871      47.300491            nan  OK
     2.300000       2.879365       0.000000       0.000000      -2.879365      46.799161      46.799161      71.263507       0.000000      54.953943       0.010696       0.010696       0.060110      -2.903370      45.978935      45.978935      64.397412      52.118427            nan  OK
     2.400000       2.937954       0.000000       0.000000      -2.937954      50.167210      50.167210      83.419792       0.000000      61.251404       0.012470       0.012470       0.080353      -2.967786      49.196444      49.196444      74.537309      57.643399            nan  OK
     2.500000       2.985564       0.000000       0.000000      -2.985564      53.859968      53.859968      98.056349       0.000000      68.592095       0.014537       0.014537       0.106184      -3.022347      52.717490      52.717490      86.594432      64.009804            nan  OK
     2.600000       3.019566       0.000000       0.000000      -3.019566      57.916372      57.916372     115.677526       0.000000      77.170090       0.016933       0.016933       0.137763      -3.064464      56.583822      56.583822     100.957389      71.375011            nan  OK
     2.700000       3.037048       0.000000       0.000000      -3.037048      62.377373      62.377373     136.825337       0.000000      87.193361       0.019634       0.019634       0.173698      -3.091127      60.843716      60.843716     118.063690      79.917040            nan  OK
     2.800000       3.034865       0.000000       0.000000      -3.034865      67.283145      67.283145     162.023456       0.000000      98.863248       0.022674       0.022674       0.209712      -3.098852      65.551788      65.551788     138.373193      89.825590            nan  OK
     2.900000       3.009756       0.000000       0.000000      -3.009756      72.668867      72.668867     191.675462       0.000000     112.337732       0.026001       0.026001       0.236850      -3.083657      70.767381      70.767381     162.307624     101.280795            nan  OK
     3.000000       2.958563      -0.000000       0.000000      -2.958563      78.558052      78.558052     225.904673       0.000000     127.673592       0.029496       0.029496       0.240032      -3.041140      76.550151      76.550151     190.133790     114.411364            nan  OK
     3.100000       2.878593       0.000000       0.000000      -2.878593      84.953375      84.953375     264.336813       0.000000     144.747854       0.033011       0.033011       0.198705      -2.966741      82.950915      82.950915     221.766080     129.222637            nan  OK
     3.200000       2.768118       0.000000       0.000000      -2.768118      91.825893      91.825893     305.860406       0.000000     163.170731       0.036310       0.036310       0.092025      -2.856309      89.995518      89.995518     256.477484     145.489506            nan  OK
     3.300000       2.626977       0.000000       0.000000      -2.626977      99.104378      99.104378     348.450912       0.000000     182.219889       0.039090       0.039090       0.089392      -2.707099      97.660843      97.660843     292.572061     162.631249            nan  OK
     3.400000       2.457143       0.000000       0.000000      -2.457143     106.668601     106.668601     389.193108       0.000000     200.843437       0.041012       0.041012       0.328157      -2.519149     105.846435     105.846435     327.185321     179.626064            nan  OK
     3.500000       2.263054      -0.000000       0.000000      -2.263054     114.350977     114.350977     424.626667       0.000000     217.776207       0.041780       0.041780       0.571087      -2.296689     114.353124     114.353124     356.507282     195.071177            nan  OK
     3.600000       2.051470      -0.000000       0.000000      -2.051470     121.949999     121.949999     451.423896       0.000000     231.774631       0.041250       0.041250       0.739705      -2.048820     122.886750     122.886750     376.660756     207.478085            nan  OK
     3.700000       1.830780      -0.000000       0.000000      -1.830780     129.254825     129.254825     467.205925       0.000000     241.905192       0.039417       0.039417       0.762524      -1.788657     131.100472     131.100472     385.044152     215.748365            nan  OK
     3.800000       1.609860      -0.000000       0.000000      -1.609860     136.074756     136.074756     471.154596       0.000000     247.768036       0.036506       0.036506       0.611479      -1.530807     138.667636     138.667636     381.390714     219.575329            nan  OK
     3.900000       1.396825       0.000000       0.000000      -1.396825     142.264931     142.264931     464.136350       0.000000     249.555404       0.032827       0.032827       0.316663      -1.288213     145.352741     145.352741     367.790935     219.498806            nan  OK
     4.000000       1.198066       0.000000       0.000000      -1.198066     147.740203     147.740203     448.311082       0.000000     247.930496       0.028749       0.028749       0.050683      -1.069839     151.046742     151.046742     347.691037     216.594841            nan  OK
     4.100000       1.017782       0.000000       0.000000      -1.017782     152.475263     152.475263     426.458364       0.000000     243.802963       0.024619       0.024619       0.411939      -0.880040     155.757713     155.757713     324.613993     212.043140            nan  OK
     4.200000       0.858023       0.000000       0.000000      -0.858023     156.494077     156.494077     401.327484       0.000000     238.105212       0.020686       0.020686       0.708986      -0.719324     159.573702     159.573702     301.310353     206.819252            nan  OK
     4.300000       0.719074       0.000000       0.000000      -0.719074     159.854287     159.854287     375.208926       0.000000     231.639166       0.017121       0.017121       0.914553      -0.585697     162.621635     162.621635     279.512862     201.585377            nan  OK
     4.400000       0.599975       0.000000       0.000000      -0.599975     162.631702     162.631702     349.763641       0.000000     225.009015       0.014066       0.014066       1.027698      -0.475926     165.036091     165.036091     260.083394     196.718525            nan  OK
     4.500000       0.499017       0.000000       0.000000      -0.499017     164.908417     164.908417     326.042384       0.000000     218.619739       0.011410       0.011410       1.063063      -0.386424     166.941300     166.941300     243.288866     192.390489            nan  OK
     4.600000       0.414142       0.000000       0.000000      -0.414142     166.763903     166.763903     304.601086       0.000000     212.709631       0.009188       0.009188       1.041167      -0.313760     168.443564     168.443564     229.052514     188.646547            nan  OK
     4.700000       0.343213      -0.000000       0.000000      -0.343213     168.270642     168.270642     285.641529       0.000000     207.394271       0.007339       0.007339       0.981892      -0.254888     169.629876     169.629876     217.130619     185.463457            nan  OK
     4.800000       0.284192      -0.000000       0.000000      -0.284192     169.491889     169.491889     269.136999       0.000000     202.706926       0.005820       0.005820       0.901500      -0.207224     170.569572     170.569572     207.219850     182.786331            nan  OK
     4.900000       0.235223      -0.000000       0.000000      -0.235223     170.481339     170.481339     254.928799       0.000000     198.630493       0.004559       0.004559       0.811897      -0.168627     171.317076     171.317076     199.015046     180.549732            nan  OK
     5.000000       0.194673      -0.000000       0.000000      -0.194673     171.283567     171.283567     242.793164       0.000000     195.120100       0.003532       0.003532       0.721096      -0.137349     171.914754     171.914754     192.236279     178.688596            nan  OK
     5.100000       0.161133      -0.000000       0.000000      -0.161133     171.935143     171.935143     232.484201       0.000000     192.118162       0.002699       0.002699       0.634029      -0.111977     172.395449     172.395449     186.639299     177.143399            nan  OK
     5.200000       0.133412      -0.000000       0.000000      -0.133412     172.465748     172.465748     223.759281       0.000000     189.563592       0.002019       0.002019       0.553436      -0.091374     172.784601     172.784601     182.016696     175.861966            nan  OK
     5.300000       0.110504      -0.000000       0.000000      -0.110504     172.899332     172.899332     216.392723       0.000000     187.397129       0.001450       0.001450       0.480573      -0.074622     173.101880     173.101880     178.195257     174.799672            nan  OK
     5.400000       0.091576      -0.000000       0.000000      -0.091576     173.255067     173.255067     210.182023       0.000000     185.564052       0.000983       0.000983       0.415763      -0.060986     173.362557     173.362557     175.031784     173.918966            nan  OK
     5.500000       0.075932      -0.000000       0.000000      -0.075932     173.548296     173.548296     204.949680       0.000000     184.015424       0.000603       0.000603       0.358772      -0.049875     173.578474     173.578474     172.408539     173.188496            nan  OK
     5.600000       0.062998      -0.000000       0.000000      -0.062998     173.791362     173.791362     200.542542       0.000000     182.708422       0.000250       0.000250       0.309051      -0.040812     173.758842     173.758842     170.229095     172.582260            nan  OK
     5.700000       0.052302      -0.000000       0.000000      -0.052302     173.994031     173.994031     196.829825       0.000000     181.605962       0.000094       0.000094       0.265919      -0.033413     173.910797     173.910797     168.414626     172.078740            nan  OK
     5.800000       0.043452       0.000000       0.000000      -0.043452     174.163655     174.163655     193.700594       0.000000     180.675968       0.000195       0.000195       0.228693      -0.027367     174.039794     174.039794     166.900690     171.660093            nan  OK
     5.900000       0.036127      -0.000000       0.000000      -0.036127     174.307400     174.307400     191.061548       0.000000     179.892116       0.000591       0.000591       0.196572      -0.012550     174.150075     174.150075     185.384042     177.894730            nan  OK
     6.000000       0.030061       0.000000       0.000000      -0.030061     174.428940     174.428940     188.833879       0.000000     179.230586       0.000583       0.000583       0.169013      -0.082365     174.244863     174.244863    -106.992789      80.498979       0.000000  OK
