# molecule         = LiH
# geometry         = Li 0 0 0; H 0 0 {R:.6f}
# basis            = sadlej
# basis_source     = sadlej.gbs
# lambda           = 0.025000
# omega            = 0.120800
# mode_dir         = [1.0, 0.0, 0.0]
# scheme           = general
# offdiag          = none
# method           = QED-FCI
# nboson_max       = 20
# n_fock_states    = 21
# ff_step_h        = 0.0005
# n_field_points   = 13
# fci_tol          = 1e-11
# fci_max_cycle    = 300
# scf_conv_tol     = 1e-12
# center_geometry  = True
# frozen_core_orbitals = 1
# coherent_state   = True
# z_selfconsistent_iter = 4
# R_range_Ang      = 0.8:0.1:6.0
# R_e_ref_Ang      = 1.5957
# pyscf            = 2.11.0
# python           = 3.13.12
# host             = fedora
# date             = 2026-08-16 13:12:05
# columns          = R,mu_abs,mu_x,mu_y,mu_z,a_xx,a_yy,a_zz,a_xz,a_iso,err_xx,err_yy,err_zz,dse_mu_z,dse_a_xx,dse_a_yy,dse_a_zz,dse_a_iso,boson_gap,status
#             R         mu_abs           mu_x           mu_y           mu_z           a_xx           a_yy           a_zz           a_xz          a_iso         err_xx         err_yy         err_zz       dse_mu_z       dse_a_xx       dse_a_yy       dse_a_zz      dse_a_iso      boson_gap         status
     0.800000       1.896084      -0.000000      -0.000000      -1.896084      27.173932      27.247526      13.302849       0.000000      22.574769       0.003310       0.003334       0.002806      -1.897353      26.342949      27.098217      13.148547      22.196571       0.000000  OK
     0.900000       1.908524      -0.000000       0.000000      -1.908524      25.206960      25.275497      13.200826       0.000000      21.227761       0.002770       0.002797       0.002422      -1.909733      24.489535      25.147825      13.066952      20.901437            nan  OK
     1.000000       1.939012      -0.000000       0.000000      -1.939012      24.436858      24.504003      13.801321       0.000000      20.914061       0.002552       0.002579       0.002424      -1.940287      23.763641      24.385278      13.671904      20.606941            nan  OK
     1.100000       1.983505      -0.000000       0.000000      -1.983505      24.395667      24.463886      14.897128       0.000000      21.252227       0.002517       0.002545       0.002648      -1.984921      23.726074      24.346461      14.762857      20.945131            nan  OK
     1.200000       2.038896      -0.000000       0.000000      -2.038896      24.845361      24.916418      16.415632       0.000000      22.059137       0.002608       0.002637       0.003064      -2.040510      24.151731      24.795018      16.269599      21.738783            nan  OK
     1.300000       2.102919      -0.000000       0.000000      -2.102919      25.666670      25.741863      18.337987       0.000000      23.248840       0.002797       0.002828       0.003706      -2.104786      24.927084      25.612357      18.174146      22.904529            nan  OK
     1.400000       2.173773      -0.000000       0.000000      -2.173773      26.797884      26.878138      20.666393       0.000000      24.780805       0.003072       0.003104       0.004648      -2.175947      25.992921      26.737010      20.478782      24.402904            nan  OK
     1.500000       2.249822      -0.000000       0.000000      -2.249822      28.195092      28.281064      23.417808       0.000000      26.631321       0.003430       0.003463       0.005987      -2.252361      27.306526      28.125142      23.199887      26.210518            nan  OK
     1.600000       2.329546      -0.000000       0.000000      -2.329546      29.818717      29.911002      26.631209       0.000000      28.786976       0.003873       0.003909       0.007844      -2.332513      28.828780      29.737219      26.375250      28.313749            nan  OK
     1.700000       2.411570      -0.000000      -0.000000      -2.411570      31.639134      31.738440      30.373587       0.000000      31.250387       0.004411       0.004446       0.010393      -2.415039      30.529673      31.543589      30.070148      30.714470            nan  OK
     1.800000       2.494611      -0.000000      -0.000000      -2.494611      33.641708      33.748873      34.741471       0.000000      34.044017       0.005057       0.005094       0.013866      -2.498670      32.393291      33.529441      34.378885      33.433872            nan  OK
     1.900000       2.577383      -0.000000      -0.000000      -2.577383      35.825467      35.941438      39.861865       0.000000      37.209590       0.005830       0.005870       0.018589      -2.582136      34.416584      35.693485      39.425731      36.511933            nan  OK
     2.000000       2.658527       0.000000      -0.000000      -2.658527      38.199580      38.325378      45.895475       0.000000      40.806811       0.006738       0.006786       0.024986      -2.664101      36.605905      38.044427      45.368067      40.006133            nan  OK
     2.100000       2.736562       0.000000       0.000000      -2.736562      40.780404      40.917145      53.042477       0.000000      44.913342       0.007818       0.007867       0.033635      -2.743106      38.974179      40.598125      52.402174      43.991492            nan  OK
     2.200000       2.809849      -0.000000       0.000000      -2.809849      43.589857      43.738703      61.550358       0.000000      49.626306       0.009089       0.009144       0.045248      -2.817538      41.539208      43.375901      60.771087      48.562065            nan  OK
     2.300000       2.876550      -0.000000       0.000000      -2.876550      46.654489      46.816687      71.722332       0.000000      55.064503       0.010588       0.010646       0.060680      -2.885588      44.322809      46.403711      70.773245      53.833255            nan  OK
     2.400000       2.934600      -0.000000       0.000000      -2.934600      50.005063      50.181919      83.924407       0.000000      61.370463       0.012354       0.012408       0.080824      -2.945223      47.350373      49.711729      82.770131      59.944078            nan  OK
     2.500000       2.981680      -0.000000       0.000000      -2.981680      53.676176      53.869026      98.587704       0.000000      68.710969       0.014401       0.014455       0.106370      -2.994154      50.650518      53.334004      97.189670      67.058064            nan  OK
     2.600000       3.015200      -0.000000      -0.000000      -3.015200      57.705476      57.915673     116.200568       0.000000      77.273906       0.016764       0.016797       0.137354      -3.029823      54.254507      57.307836     114.520358      75.360900            nan  OK
     2.700000       3.032314       0.000000       0.000000      -3.032314      62.132270      62.361063     137.282457       0.000000      87.258597       0.019454       0.019466       0.172284      -3.049403      58.195106      61.672494     135.288268      85.051956            nan  OK
     2.800000       3.029964       0.000000       0.000000      -3.029964      66.994900      67.243372     162.328048       0.000000      98.855440       0.022464       0.022455       0.206868      -3.049844      62.504503      66.466839     160.005751      96.325698            nan  OK
     2.900000       3.005006       0.000000      -0.000000      -3.005006      72.326492      72.595468     191.708398       0.000000     112.210119       0.025762       0.025702       0.232362      -3.027975      67.210863      71.725353     189.078180     109.338132            nan  OK
     3.000000       2.954422       0.000000      -0.000000      -2.954422      78.148643      78.438462     225.518515       0.000000     127.368540       0.029259       0.029138       0.234358      -2.980710      72.333139      77.472122     222.656954     124.154072            nan  OK
     3.100000       2.875666       0.000000      -0.000000      -2.875666      84.462898      84.773281     263.374703       0.000000     144.203627       0.032787       0.032587       0.193477      -2.905371      77.873980      83.712574     260.438675     140.675076            nan  OK
     3.200000       2.767133       0.000000       0.000000      -2.767133      91.240643      91.570533     304.195149       0.000000     162.335442       0.036127       0.035810       0.090376      -2.800152      83.811174      90.423452     301.438310     158.557645            nan  OK
     3.300000       2.628718      -0.000000      -0.000000      -2.628718      98.413395      98.760770     346.043359       0.000000     181.072508       0.038986       0.038544       0.083550      -2.664674      90.089105      97.542729     343.811559     177.147798            nan  OK
     3.400000       2.462334       0.000000      -0.000000      -2.462334     105.866691     106.228589     386.154177       0.000000     199.416486       0.041051       0.040465       0.312297      -2.500539      96.612908     104.962565     384.844507     195.473327            nan  OK
     3.500000       2.272205       0.000000      -0.000000      -2.272205     113.441652     113.814276     421.251951       0.000000     216.169293       0.042057       0.041304       0.547060      -2.311673     103.248847     112.529454     421.232054     212.336785            nan  OK
     3.600000       2.064745       0.000000       0.000000      -2.064745     120.947221     121.326205     448.167556       0.000000     230.146994       0.041826       0.040882       0.715246      -2.104285     109.833719     120.054849     449.674311     226.520960            nan  OK
     3.700000       1.847919       0.000000       0.000000      -1.847919     128.182378     128.563132     464.584861       0.000000     240.443457       0.040350       0.039231       0.748947      -1.886284     116.193293     127.336414     467.643622     237.057776            nan  OK
     3.800000       1.630205       0.000000       0.000000      -1.630205     134.963309     135.341501     469.615652       0.000000     246.640154       0.037788       0.036499       0.618189      -1.666271     122.165749     134.185251     474.020896     243.457299            nan  OK
     3.900000       1.419442       0.000000       0.000000      -1.419442     141.147315     141.519226     463.945325       0.000000     248.870622       0.034450       0.033007       0.346087      -1.452352     127.623242     140.451149     469.314399     245.796264            nan  OK
     4.000000       1.221913       0.000000       0.000000      -1.221913     146.646822     147.009578     449.509934       0.000000     247.722112       0.030664       0.029086       0.003995      -1.251148     132.485190     146.038345     455.382849     244.635461            nan  OK
     4.100000       1.041868       0.000000       0.000000      -1.041868     151.430655     151.782315     428.895149       0.000000     244.036039       0.026761       0.025071       0.358191      -1.067247     136.720606     150.908569     434.835512     240.821562            nan  OK
     4.200000       0.881522      -0.000000      -0.000000      -0.881522     155.515344     155.854830     404.729468       0.000000     238.699881       0.022999       0.021216       0.658646      -0.903138     140.341168     155.073257     410.392284     235.268903            nan  OK
     4.300000       0.741374      -0.000000       0.000000      -0.741374     158.951216     159.278184     379.261283       0.000000     232.496894       0.019535       0.017674       0.875119      -0.759507     143.389252     158.579807     384.418167     228.795742            nan  OK
     4.400000       0.620675       0.000000       0.000000      -0.620675     161.807887     162.122468     354.168733       0.000000     226.033029       0.016517       0.014636       1.002810      -0.635713     145.925212     161.496856     358.700581     222.040883            nan  OK
     4.500000       0.517904       0.000000       0.000000      -0.517904     164.162765     164.465581     330.553164       0.000000     219.727170       0.013880       0.011950       1.052933      -0.530269     148.016690     163.901845     334.425391     215.447975            nan  OK
     4.600000       0.431143      -0.000000       0.000000      -0.431143     166.092230     166.384077     309.031998       0.000000     213.836101       0.011642       0.009680       1.043927      -0.441253     149.731038     165.872159     312.266986     209.290061            nan  OK
     4.700000       0.358359      -0.000000       0.000000      -0.358359     167.666891     167.948677     289.865566       0.000000     208.493712       0.009779       0.007792       0.994777      -0.366597     151.130702     167.479672     292.518531     203.709635            nan  OK
     4.800000       0.297578      -0.000000       0.000000      -0.297578     168.949181     169.221847     273.076301       0.000000     203.749110       0.008232       0.006234       0.921551      -0.304280     152.270976     168.788133     275.217343     198.758817            nan  OK
     4.900000       0.246982      -0.000000       0.000000      -0.246982     169.992560     170.257065     258.543108       0.000000     199.597578       0.006958       0.004938       0.836488      -0.252436     153.199228     169.852250     260.245673     194.432384            nan  OK
     5.000000       0.204956      -0.000000       0.000000      -0.204956     170.841864     171.099073     246.069182       0.000000     196.003373       0.005909       0.003889       0.748123      -0.209401     153.955276     170.717934     247.403296     190.692169            nan  OK
     5.100000       0.170097       0.000000       0.000000      -0.170097     171.534130     171.784887     235.426945       0.000000     192.915321       0.005046       0.003018       0.661855      -0.173732     154.571965     171.423170     236.455623     187.483586            nan  OK
     5.200000       0.141208       0.000000       0.000000      -0.141208     172.099633     172.344686     226.385223       0.000000     190.276514       0.004333       0.002302       0.580932      -0.144191     155.076155     171.998957     227.163347     184.746153            nan  OK
     5.300000       0.117275      -0.000000       0.000000      -0.117275     172.562931     172.802971     218.725009       0.000000     188.030303       0.003746       0.001705       0.506965      -0.119738     155.489629     172.470454     219.299134     182.419739            nan  OK
     5.400000       0.097452      -0.000000       0.000000      -0.097452     172.943853     173.179460     212.247001       0.000000     186.123438       0.003255       0.001222       0.440592      -0.099498     155.829967     172.857957     212.656060     180.447995            nan  OK
     5.500000       0.081032      -0.000000       0.000000      -0.081032     173.258330     173.490075     206.774734       0.000000     184.507713       0.002851       0.000813       0.381752      -0.082743     156.111304     173.177774     207.050770     178.779950            nan  OK
     5.600000       0.067426      -0.000000       0.000000      -0.067426     173.519175     173.747516     202.154479       0.000000     183.140390       0.002510       0.000475       0.330090      -0.068870     156.344980     173.442988     202.323777     177.370582            nan  OK
     5.700000       0.056149       0.000000       0.000000      -0.056149     173.736641     173.962004     198.254112       0.000000     181.984252       0.002222       0.000190       0.285010      -0.057378     156.540085     173.664073     198.338009     176.180722            nan  OK
     5.800000       0.046799       0.000000       0.000000      -0.046799     173.918937     174.141692     194.960943       0.000000     181.007191       0.001981       0.000048       0.245826      -0.047854     156.703888     173.849405     194.976662     175.176652            nan  OK
     5.900000       0.039043       0.000000       0.000000      -0.039043     174.072655     174.293146     192.179331       0.000000     180.181710       0.001775       0.000267       0.211901      -0.039958     156.842221     174.005691     192.140789     174.329567            nan  OK
     6.000000       0.032606       0.000000       0.000000      -0.032606     174.203055     174.421548     189.828490       0.000000     179.484364       0.001603       0.000438       0.182614      -0.033408     156.959748     174.138297     189.746909     173.614985       0.000000  OK
