# molecule         = LiH
# geometry         = Li 0 0 0; H 0 0 {R:.6f}
# basis            = sadlej
# basis_source     = sadlej.gbs
# lambda           = 0.010000
# omega            = 0.120800
# mode_dir         = [1.0, 0.0, 0.0]
# scheme           = general
# offdiag          = none
# method           = QED-FCI
# nboson_max       = 20
# n_fock_states    = 21
# ff_step_h        = 0.0005
# n_field_points   = 13
# fci_tol          = 1e-11
# fci_max_cycle    = 300
# scf_conv_tol     = 1e-12
# center_geometry  = True
# frozen_core_orbitals = 1
# coherent_state   = True
# z_selfconsistent_iter = 4
# R_range_Ang      = 0.8:0.1:6.0
# R_e_ref_Ang      = 1.5957
# pyscf            = 2.11.0
# python           = 3.13.12
# host             = fedora
# date             = 2026-08-16 12:51:25
# columns          = R,fci[0],fci[+x],fci[-x],fci[+2x],fci[-2x],fci[+y],fci[-y],fci[+2y],fci[-2y],fci[+z],fci[-z],fci[+2z],fci[-2z]
    0.800000      -7.7758787067833461      -7.7758821211819891      -7.7758821211821747      -7.7758923660700159      -7.7758923660708099      -7.7758821226949753      -7.7758821226942816      -7.7758923721237707      -7.7758923721231836      -7.7749321330359571      -7.7768286243688660      -7.7739889173266317      -7.7777818744500440
    0.900000      -7.8614809380145623      -7.8614841048920923      -7.8614841048922308      -7.8614936069449310      -7.8614936069444363      -7.8614841063011616      -7.8614841063007326      -7.8614936125830619      -7.8614936125827146      -7.8605281801134606      -7.8624370121946896      -7.8595787530073729      -7.8633963906034001
    1.000000      -7.9202856913327695      -7.9202887613448834      -7.9202887613441506      -7.9202979726905092      -7.9202979726901468      -7.9202887627246881      -7.9202887627252236      -7.9202979782149283      -7.9202979782147125      -7.9193178204883292      -7.9212570279307180      -7.9183534335276633      -7.9222318146152979
    1.100000      -7.9601188824396019      -7.9601219473857903      -7.9601219473866971      -7.9601311435222497      -7.9601311435219673      -7.9601219487894470      -7.9601219487899302      -7.9601311491356501      -7.9601311491354529      -7.9591289604215429      -7.9611125444131838      -7.9581428020600313      -7.9621099253268230
    1.200000      -7.9864698562964271      -7.9864729780541435      -7.9864729780550414      -7.9864823446712556      -7.9864823446709794      -7.9864729795159333      -7.9864729795163365      -7.9864823505171749      -7.9864823505169671      -7.9854524894019594      -7.9874913437232111      -7.9844392742825416      -7.9885169235424067
    1.300000      -8.0032175078677881      -8.0032207333116858      -8.0032207333126486      -8.0032304110834342      -8.0032304110831483      -8.0032207348579139      -8.0032207348582958      -8.0032304172669129      -8.0032304172666819      -8.0021684326178146      -8.0042711857492979      -8.0011240013039409      -8.0053294287059593
    1.400000      -8.0131228795400542      -8.0131262477451912      -8.0131262477445500      -8.0131363539339624      -8.0131363539336355      -8.0131262493936486      -8.0131262493933022      -8.0131363605299910      -8.0131363605297157      -8.0120387346622959      -8.0142122110999576      -8.0109598311734587      -8.0153066793311147
    1.500000      -8.0181668421493946      -8.0181703866014491      -8.0181703866015628      -8.0181810217125271      -8.0181810217121452      -8.0181703883665847      -8.0181703883661655      -8.0181810287753414      -8.0181810287750039      -8.0170450858151892      -8.0192944753504136      -8.0159292788229113      -8.0204279189868899
    1.600000      -8.0197764906888143      -8.0197802398623992      -8.0197802398625395      -8.0197914893634579      -8.0197914893629232      -8.0197802417568056      -8.0197802417562922      -8.0197914969435011      -8.0197914969430677      -8.0186153449155189      -8.0209443194159817      -8.0174609780274722      -8.0221187430824337
    1.700000      -8.0189795978370118      -8.0189835764875923      -8.0189835764877397      -8.0189955146931204      -8.0189955146924135      -8.0189835785261625      -8.0189835785261927      -8.0189955228499805      -8.0189955228493890      -8.0177779801998401      -8.0201888372476553      -8.0165841111441019      -8.0214055821049506
    1.800000      -8.0165162866208224      -8.0165205176862315      -8.0165205176863914      -8.0165332134643599      -8.0165332134653102      -8.0165205198866314      -8.0165205198866634      -8.0165332222686700      -8.0165332222678529      -8.0152737697140619      -8.0177675210862613      -8.0140401377491983      -8.0190273197034827
    1.900000      -8.0129209902646803      -8.0129254965817083      -8.0129254965818806      -8.0129390185055893      -8.0129390185069056      -8.0129254989636802      -8.0129254989637211      -8.0129390280363975      -8.0129390280375823      -8.0116378073215557      -8.0142141753800225      -8.0103648471885691      -8.0155171607535749
    2.000000      -8.0085811993167919      -8.0085860048850090      -8.0085860048852027      -8.0086004250285026      -8.0086004250282823      -8.0085860074699244      -8.0085860074699848      -8.0086004353691571      -8.0086004353708447      -8.0072582850355207      -8.0099156294941345      -8.0059471771240691      -8.0112613102527526
    2.100000      -8.0037788716141609      -8.0037840024972109      -8.0037840024974205      -8.0037993991375025      -8.0037993991371827      -8.0037840053078586      -8.0037840053079385      -8.0037994103829231      -8.0037994103827490      -8.0024179275114680      -8.0051531246049770      -8.0010706742476643      -8.0065403383888540
    2.200000      -7.9987196636714257      -7.9987251486870923      -7.9987251486873001      -7.9987416083752496      -7.9987416083747824      -7.9987251517476778      -7.9987251517477684      -7.9987416206204482      -7.9987416206201516      -7.9973232440038897      -8.0001315264669852      -7.9959427689616112      -8.0015583764204194
    2.300000      -7.9935538138278899      -7.9935596851262423      -7.9935596851249358      -7.9935773044212581      -7.9935773044218976      -7.9935596884608930      -7.9935596884610129      -7.9935773177685352      -7.9935773177690104      -7.9921254305671781      -7.9950001915962803      -7.9907156988645367      -7.9964639678486407
    2.400000      -7.9883912661737861      -7.9883975597546257      -7.9883975597526646      -7.9884164467901435      -7.9884164467911223      -7.9883975633910174      -7.9883975633911657      -7.9884164613464703      -7.9884164613472866      -7.9869355109869993      -7.9898680759266787      -7.9855016682818309      -7.9913651635689051
    2.500000      -7.9833127319137445      -7.9833194880967957      -7.9833194880969263      -7.9833397639808732      -7.9833397639806156      -7.9833194920647825      -7.9833194920622690      -7.9833397798557408      -7.9833397798556094      -7.9818354111498619      -7.9848147836754739      -7.9803839355046762      -7.9863405591721808
    2.600000      -7.9783778143679944      -7.9783850781664167      -7.9783850781665437      -7.9784068780948605      -7.9784068780943880      -7.9783850824915756      -7.9783850824915969      -7.9784068953975211      -7.9784068953972858      -7.9768860894185227      -7.9798986849195286      -7.9754249448474512      -7.9814474041926076
    2.700000      -7.9736309696827670      -7.9736387909908544      -7.9736387909909157      -7.9736622648116438      -7.9736622648108950      -7.9736387956990242      -7.9736387956990482      -7.9736622836449751      -7.9736622836445878      -7.9721334884627151      -7.9751628785054365      -7.9706722596905593      -7.9767275629254710
    2.800000      -7.9691058448274728      -7.9691142782797577      -7.9691142782796680      -7.9691395900576101      -7.9691395900585036      -7.9691142833932735      -7.9691142833933304      -7.9691396105105961      -7.9691396105112045      -7.9676128394923671      -7.9706395496742708      -7.9661628132806799      -7.9722118817888932
    2.900000      -7.9648283714834553      -7.9648374757768856      -7.9648374757789187      -7.9648648017435937      -7.9648648017433441      -7.9648374813144027      -7.9648374813146230      -7.9648648238793909      -7.9648648238803670      -7.9633516828287405      -7.9663531123982807      -7.9619258229052781      -7.9679233618101470
    3.000000      -7.9608188722675672      -7.9608287086862060      -7.9608287086887373      -7.9608582327910131      -7.9608582327906161      -7.9608287146534886      -7.9608287146538119      -7.9608582566399653      -7.9608582566398463      -7.9593718447264292      -7.9623224068773606      -7.9579845892507546      -7.9638794180179300
    3.100000      -7.9570933457401178      -7.9571039756242126      -7.9571039756237631      -7.9571358818859617      -7.9571358818853595      -7.9571039820123177      -7.9571039820128133      -7.9571359074236856      -7.9571359074234849      -7.9556905247278671      -7.9585621318583240      -7.9543573275432848      -7.9600934176560383
    3.200000      -7.9536640413466726      -7.9536755222907942      -7.9536755222899869      -7.9537099834025478      -7.9537099834033640      -7.9536755290807175      -7.9536755290814334      -7.9537100105407399      -7.9537100105404210      -7.9523206083189804      -7.9550836279068795      -7.9510571646148698      -7.9565756222125152
    3.300000      -7.9505394238415272      -7.9505518047133332      -7.9505518047120294      -7.9505889670365235      -7.9505889670376808      -7.9505518118645311      -7.9505518118655045      -7.9505889956119100      -7.9505889956113913      -7.9492703390006962      -7.9518950965756794      -7.9480914995982728      -7.9533336158079839
    3.400000      -7.9477236666839790      -7.9477369818997756      -7.9477369819008468      -7.9477769482821525      -7.9477769482818807      -7.9477369893557261      -7.9477369893562351      -7.9477769780524028      -7.9477769780531089      -7.9465425646657941      -7.9490013490026694      -7.9454610527003142      -7.9503722897089784
    3.500000      -7.9452158976357925      -7.9452301616609606      -7.9452301616620629      -7.9452729749589039      -7.9452729749585291      -7.9452301693423468      -7.9452301693429899      -7.9452730056167562      -7.9452730056177332      -7.9441338871116640      -7.9464032277878811      -7.9431590532619181      -7.9476934742787915
    3.600000      -7.9430095086105821      -7.9430247120105246      -7.9430247120116499      -7.9430703432969452      -7.9430703432984826      -7.9430247198287933      -7.9430247198295731      -7.9430703744898077      -7.9430703744908486      -7.9420341196157977      -7.9440969217160777      -7.9411710381882568      -7.9452953616147521
    3.700000      -7.9410918698574360      -7.9411079781371905      -7.9411079781365910      -7.9411563232972942      -7.9411563232966174      -7.9411079859981770      -7.9411079859990616      -7.9411563546526045      -7.9411563546524020      -7.9402264109362886      -7.9420734527986614      -7.9394755643720645      -7.9431719238963021
    3.800000      -7.9394446977921316      -7.9394616535968767      -7.9394616535963154      -7.9395125400383053      -7.9395125400374722      -7.9394616614146738      -7.9394616614156064      -7.9395125712068575      -7.9395125712066159      -7.9386881921422789      -7.9403186045949452      -7.9380458174921813      -7.9413125653212715
    3.900000      -7.9380451214325394      -7.9380628497337984      -7.9380628497333392      -7.9381160519795602      -7.9381160519785938      -7.9380628574331098      -7.9380628574339465      -7.9381160826607662      -7.9381160826604775      -7.9373928180471243      -7.9388134483765427      -7.9368517814669213      -7.9397022093028351
    4.000000      -7.9368672607613382      -7.9368856757329613      -7.9368856757329276      -7.9369409360862448      -7.9369409360851915      -7.9368856832556567      -7.9368856832564321      -7.9369409660478656      -7.9369409660475423      -7.9363115504637252      -7.9375354376309408      -7.9358624840058551      -7.9383219065659913
    4.100000      -7.9358839849852902      -7.9359029970316621      -7.9359029970323380      -7.9359600466514832      -7.9359600466504769      -7.9359030043382415      -7.9359030043361010      -7.9359600757358546      -7.9359600757355171      -7.9354154721047072      -7.9364598643089028      -7.9350479002446495      -7.9371498919391668
    4.200000      -7.9350685175640656      -7.9350880392467378      -7.9350880392478480      -7.9351466158931130      -7.9351466158922657      -7.9350880463144504      -7.9350880463132052      -7.9351466440122920      -7.9351466440119465      -7.9346770227637089      -7.9355613844505202      -7.9343802921295481      -7.9361628883654225
    4.300000      -7.9343956669965969      -7.9344156172259801      -7.9344156172277192      -7.9344754777822075      -7.9344754777842548      -7.9344156240477659      -7.9344156240471335      -7.9344755049065130      -7.9344755049088196      -7.9340710238358669      -7.9348153511034916      -7.9338349605639893      -7.9353374113908064
    4.400000      -7.9338426085719407      -7.9338629150015985      -7.9338629150016198      -7.9339238426373422      -7.9339238426385661      -7.9338629215757628      -7.9338629215757894      -7.9339238687796874      -7.9339238687814984      -7.9335752097374446      -7.9341987987321776      -7.9333905141153052      -7.9346508711596249
    4.500000      -7.9333892563553254      -7.9334098563166888      -7.9334098563169073      -7.9334716632284543      -7.9334716632296374      -7.9334098626580190      -7.9334098626583964      -7.9334716884345529      -7.9334716884329408      -7.9331703708153825      -7.9336910414798814      -7.9330288027018767      -7.9340823623680219
    4.600000      -7.9330183233124663      -7.9330391636924915      -7.9330391636927757      -7.9331016907434346      -7.9331016907446310      -7.9330391698159382      -7.9330391698167961      -7.9331017150745335      -7.9331017150756518      -7.9328402359447407      -7.9332739329623836      -7.9327346550003064      -7.9336131267700747
    4.700000      -7.9327151772805102      -7.9327362137945183      -7.9327362137948807      -7.9327993283136999      -7.9327993283148386      -7.9327362197183584      -7.9327362197194198      -7.9327993518448796      -7.9327993518458735      -7.9325712074121872      -7.9329318741389372      -7.9324955242959545      -7.9332267358868123
    4.800000      -7.9324675847033168      -7.9324887808627977      -7.9324887808630065      -7.9325523735445236      -7.9325523735456178      -7.9324887866050142      -7.9324887866062657      -7.9325523963506139      -7.9325523963512365      -7.9323520313516847      -7.9326516595891228      -7.9323011117597568      -7.9329090688131307
    4.900000      -7.9322654084013546      -7.9322867343970538      -7.9322867343980406      -7.9323507159477504      -7.9323507159493660      -7.9322867399794132      -7.9322867399806354      -7.9323507381044651      -7.9323507381048231      -7.9321734573684584      -7.9324222368914832      -7.9321430069265570      -7.9326481600392444
    5.000000      -7.9321003017621026      -7.9321217333819236      -7.9321217333828038      -7.9321860312798744      -7.9321860312813364      -7.9321217388189060      -7.9321217388205625      -7.9321860528568537      -7.9321860528567250      -7.9320279179054030      -7.9322344325126499      -7.9320143648608576      -7.9324339784048563
    5.100000      -7.9319654230832981      -7.9319869407407522      -7.9319869407413668      -7.9320514963198585      -7.9320514963211251      -7.9319869460483146      -7.9319869460501540      -7.9320515173822184      -7.9320515173817867      -7.9319092419329209      -7.9320806781057316      -7.9319096269573981      -7.9322581806959658
    5.200000      -7.9318551813911355      -7.9318767692798016      -7.9318767692802403      -7.9319415351967351      -7.9319415351978586      -7.9318767744738485      -7.9318767744751479      -7.9319415558045741      -7.9319415558040749      -7.9318124077892556      -7.9319547562260020      -7.9318242852459839      -7.9321138675278036
    5.300000      -7.9317650170808323      -7.9317866624607110      -7.9317866624610884      -7.9318516005571267      -7.9318516005582325      -7.9317866675540349      -7.9317866675559321      -7.9318516207648289      -7.9318516207643865      -7.9317333344581264      -7.9318515742967506      -7.9317546865408666      -7.9319953570099457
    5.400000      -7.9316912164043742      -7.9317129090102929      -7.9317129090106411      -7.9317779885406541      -7.9317779885417821      -7.9317129140161580      -7.9317129140176608      -7.9317780083968694      -7.9317780083964191      -7.9316687078069581      -7.9317669693511936      -7.9316978713074073      -7.9318979834010808
    5.500000      -7.9316307567932096      -7.9316524883505410      -7.9316524883510597      -7.9317176845318045      -7.9317176845331403      -7.9316524932802670      -7.9316524932816908      -7.9317177040802571      -7.9317177040799924      -7.9316158374010399      -7.9316975426523904      -7.9316514420703381      -7.9318179228897892
    5.600000      -7.9315811790527659      -7.9316029428837656      -7.9316029428840533      -7.9316682357162609      -7.9316682357173942      -7.9316029477447492      -7.9316029477464891      -7.9316682549939124      -7.9316682549935447      -7.9315725392236107      -7.9316405214244368      -7.9316134563387841      -7.9317520456102972
    5.700000      -7.9315404824015303      -7.9315622731091970      -7.9315622731093907      -7.9316276464286295      -7.9316276464297291      -7.9315622779109711      -7.9315622779123798      -7.9316276654693345      -7.9316276654688807      -7.9315370400350620      -7.9315936442875623      -7.9315823397495278      -7.9316977915451297
    5.800000      -7.9315070387348614      -7.9315288519475917      -7.9315288519477605      -7.9315942926606411      -7.9315942926617593      -7.9315288566974109      -7.9315288566989048      -7.9315943114960996      -7.9315943114936873      -7.9315078996311650      -7.9315550670028205      -7.9315568157379346      -7.9316530674631300
    5.900000      -7.9314795226917774      -7.9315013548586188      -7.9315013548587601      -7.9315668523314979      -7.9315668523326002      -7.9315013595634394      -7.9315013595645754      -7.9315668709856491      -7.9315668709832288      -7.9314839477145149      -7.9315232851775788      -7.9315358486185659      -7.9316161617983605
    6.000000      -7.9314568547732183      -7.9314787030015008      -7.9314787030015932      -7.9315442485712300      -7.9315442485723908      -7.9314787076665274      -7.9314787076673658      -7.9315442670662435      -7.9315442670634626      -7.9314642327136937      -7.9314970711231654      -7.9315185975532492      -7.9315856747070130
