# molecule         = LiH
# geometry         = Li 0 0 0; H 0 0 {R:.6f}
# basis            = sadlej
# basis_source     = sadlej.gbs
# lambda           = 0.000000
# omega            = 0.120800
# mode_dir         = [1.0, 0.0, 0.0]
# scheme           = general
# offdiag          = none
# method           = QED-FCI
# nboson_max       = 20
# n_fock_states    = 21
# ff_step_h        = 0.0005
# n_field_points   = 13
# fci_tol          = 1e-11
# fci_max_cycle    = 300
# scf_conv_tol     = 1e-12
# center_geometry  = True
# frozen_core_orbitals = 1
# coherent_state   = True
# z_selfconsistent_iter = 4
# R_range_Ang      = 0.8:0.1:6.0
# R_e_ref_Ang      = 1.5957
# pyscf            = 2.11.0
# python           = 3.13.12
# host             = fedora
# date             = 2026-08-16 12:31:09
# columns          = R,fci[0],fci[+x],fci[-x],fci[+2x],fci[-2x],fci[+y],fci[-y],fci[+2y],fci[-2y],fci[+z],fci[-z],fci[+2z],fci[-2z]
    0.800000      -7.7759838264337278      -7.7759872442281850      -7.7759872442275180      -7.7759974993108498      -7.7759974993102903      -7.7759872442277453      -7.7759872442275153      -7.7759974993108463      -7.7759974993102832      -7.7750372156554235      -7.7769337844935720      -7.7740939663806312      -7.7778870784807230
    0.900000      -7.8615845568254894      -7.8615877267839966      -7.8615877267848830      -7.8615972380911545      -7.8615972380908250      -7.8615877267850127      -7.8615877267848848      -7.8615972380911625      -7.8615972380908286      -7.8606317712047939      -7.8625406617807698      -7.8596823194523413      -7.8635000740102132
    1.000000      -7.9203890822639007      -7.9203921552431762      -7.9203921552439009      -7.9204013755003544      -7.9204013755001359      -7.9203921552439915      -7.9203921552439045      -7.9204013755003553      -7.9204013755001368      -7.9194211943414663      -7.9213604388705567      -7.9184567932536334      -7.9223352484815184
    1.100000      -7.9602228593253033      -7.9602259272572349      -7.9602259272578930      -7.9602351323545522      -7.9602351323543683      -7.9602259272579641      -7.9602259272578904      -7.9602351323545530      -7.9602351323543701      -7.9592329312994643      -7.9612165302819946      -7.9582467699309767      -7.9622139231357609
    1.200000      -7.9865749466006504      -7.9865780714589789      -7.9865780714596148      -7.9865874473817957      -7.9865874473815968      -7.9865780714596841      -7.9865780714596104      -7.9865874473817957      -7.9865874473815950      -7.9855575851088911      -7.9875964317764705      -7.9845443785776267      -7.9886220124701648
    1.300000      -8.0033240906074763      -8.0033273193470400      -8.0033273193477292      -8.0033370070099608      -8.0033370070097334      -8.0033273193478074      -8.0033273193477292      -8.0033370070099608      -8.0033370070097369      -8.0022750326180034      -8.0043777546609149      -8.0012306220428098      -8.0054359871842422
    1.400000      -8.0132312668072352      -8.0132346385649473      -8.0132346385656987      -8.0132447554225923      -8.0132447554223276      -8.0132346385658018      -8.0132346385656987      -8.0132447554225887      -8.0132447554223276      -8.0121471515770768      -8.0143205725125632      -8.0110682815909087      -8.0154150186291666
    1.500000      -8.0182772827774400      -8.0182808310856153      -8.0182808310864520      -8.0182914777773959      -8.0182914777770780      -8.0182808310865799      -8.0182808310864555      -8.0182914777773995      -8.0182914777770744      -8.0171555688723117      -8.0194048777706541      -8.0160398086131526      -8.0205382873486979
    1.600000      -8.0198891432765453      -8.0198928966441763      -8.0198928966436700      -8.0199041587354483      -8.0199041587350237      -8.0198928966438210      -8.0198928966436789      -8.0199041587354465      -8.0199041587350237      -8.0187280528776288      -8.0210569213496861      -8.0175737461926619      -8.0222312989875579
    1.700000      -8.0190945299747511      -8.0190985131860284      -8.0190985131860781      -8.0191104650826652      -8.0191104650820755      -8.0190985131861385      -8.0190985131860799      -8.0191104650826652      -8.0191104650820737      -8.0178929807651631      -8.0203037062600657      -8.0166991855819258      -8.0215203931718939
    1.800000      -8.0166334990786829      -8.0166377351035969      -8.0166377351036449      -8.0166504457703454      -8.0166504457695247      -8.0166377351037248      -8.0166377351036520      -8.0166504457703489      -8.0166504457695229      -8.0153910639192816      -8.0178846577824636      -8.0141575198671529      -8.0191443864651557
    1.900000      -8.0130404437357754      -8.0130449554467873      -8.0130449554468317      -8.0130584935640776      -8.0130584935652518      -8.0130449554469418      -8.0130449554468370      -8.0130584935640794      -8.0130584935652500      -8.0117573563677187      -8.0143335400598943      -8.0104844988231356      -8.0156364432232561
    2.000000      -8.0087028339887354      -8.0087076454245452      -8.0087076454245860      -8.0087220831818637      -8.0087220831835157      -8.0087076454247281      -8.0087076454245807      -8.0087220831818655      -8.0087220831835193      -8.0073800298515110      -8.0100371617337771      -8.0060690400876773      -8.0113827475141210
    2.100000      -8.0039026195941787      -8.0039077568608707      -8.0039077568608761      -8.0039231726661288      -8.0039231726659565      -8.0039077568610750      -8.0039077568608761      -8.0039231726661271      -8.0039231726659565      -8.0025418011260001      -8.0052767557320141      -8.0011946826469007      -8.0066638611207281
    2.200000      -7.9988454563683122      -7.9988509483283927      -7.9988509483283359      -7.9988674288656654      -7.9988674288653829      -7.9988509483286059      -7.9988509483283377      -7.9988674288656645      -7.9988674288653803      -7.9974491788626727      -8.0002571870058468      -7.9960688564464499      -8.0016839143980025
    2.300000      -7.9936815859161499      -7.9936874647649834      -7.9936874647647906      -7.9937051067350078      -7.9937051067354616      -7.9936874647651628      -7.9936874647647924      -7.9937051067350033      -7.9937051067354661      -7.9922533624248553      -7.9951278152954588      -7.9908438024402422      -7.9965914540365208
    2.400000      -7.9885209571719509      -7.9885272589589071      -7.9885272589573457      -7.9885461706358223      -7.9885461706366234      -7.9885272589578573      -7.9885272589573422      -7.9885461706358232      -7.9885461706366225      -7.9870653803942622      -7.9899976014194136      -7.9856317296912458      -7.9914945358499061
    2.500000      -7.9834442860708439      -7.9834510511621390      -7.9834510511596539      -7.9834713537946485      -7.9834713537945214      -7.9834510511603751      -7.9834510511596397      -7.9834713537946520      -7.9834713537945232      -7.9819671632143008      -7.9849461544733638      -7.9805159008390545      -7.9864717604331075
    2.600000      -7.9785111793656984      -7.9785184528167754      -7.9785184528167452      -7.9785402817316822      -7.9785402817314575      -7.9785184528167665      -7.9785184528167399      -7.9785402817316839      -7.9785402817314530      -7.9770196723233422      -7.9800318482627155      -7.9755587628471121      -7.9815803813004802
    2.700000      -7.9737660945007951      -7.9737739262438883      -7.9737739262437586      -7.9737974314012279      -7.9737974314008522      -7.9737739262437781      -7.9737739262437541      -7.9737974314012305      -7.9737974314008531      -7.9722688510823110      -7.9752977834419889      -7.9708078790543029      -7.9768622649815475
    2.800000      -7.9692426770220584      -7.9692511217187851      -7.9692511217184538      -7.9692764672644358      -7.9692764672650211      -7.9692511217184707      -7.9692511217184396      -7.9692764672644394      -7.9692764672650194      -7.9677499283329931      -7.9707761446162912      -7.9663001792056312      -7.9723482579181617
    2.900000      -7.9649668540330918      -7.9649759703922856      -7.9649759703939793      -7.9650033325917766      -7.9650033325927216      -7.9649759703915590      -7.9649759703939722      -7.9650033325917775      -7.9650033325927216      -7.9634904384693268      -7.9664913423140744      -7.9620648730567822      -7.9680613586466320
    3.000000      -7.9609589401493350      -7.9609687894462962      -7.9609687894484189      -7.9609983522242560      -7.9609983522241397      -7.9609687894483239      -7.9609687894484171      -7.9609983522242560      -7.9609983522241379      -7.9595121979707386      -7.9624622102479652      -7.9581252494528805      -7.9640189769955114
    3.100000      -7.9572349224782286      -7.9572455660149535      -7.9572455660174919      -7.9572775132873987      -7.9572775132872078      -7.9572455660173391      -7.9572455660174972      -7.9572775132874023      -7.9572775132872087      -7.9558323928199322      -7.9587034375647843      -7.9544995076974105      -7.9602344722209653
    3.200000      -7.9538070359420150      -7.9538185312512555      -7.9538185312541447      -7.9538530355140669      -7.9538530355137560      -7.9538185312538960      -7.9538185312541492      -7.9538530355140677      -7.9538530355137542      -7.9524638918048423      -7.9552263523268056      -7.9512007556519499      -7.9567180951421284
    3.300000      -7.9506837286991940      -7.9506961245579388      -7.9506961245573624      -7.9507333318843720      -7.9507333318838729      -7.9506961245569778      -7.9506961245573713      -7.9507333318843747      -7.9507333318838711      -7.9494149200566566      -7.9520391413340690      -7.9482363725040903      -7.9534774169431168
    3.400000      -7.9478691573017217      -7.9478824880033292      -7.9478824880046899      -7.9479225008818073      -7.9479225008824965      -7.9478824880045966      -7.9478824880046908      -7.9479225008818082      -7.9479225008824947      -7.9466883077905024      -7.9491465999816802      -7.9456070605811480      -7.9505173145530188
    3.500000      -7.9453624347350260      -7.9453767146096714      -7.9453767146110650      -7.9454195754911838      -7.9454195754921413      -7.9453767146109273      -7.9453767146110614      -7.9454195754911812      -7.9454195754921413      -7.9442806427958512      -7.9465495560411243      -7.9433060368357227      -7.9478396040137440
    3.600000      -7.9431569429603606      -7.9431721624365892      -7.9431721624379179      -7.9432178419850157      -7.9432178419859518      -7.9431721624377376      -7.9431721624379170      -7.9432178419850121      -7.9432178419859545      -7.9421817308833447      -7.9442441867253466      -7.9413188340558269      -7.9454424650293944
    3.700000      -7.9412400492966952      -7.9412561737528398      -7.9412561737541667      -7.9413045674786229      -7.9413045674784284      -7.9412561737539624      -7.9412561737541818      -7.9413045674786238      -7.9413045674784275      -7.9403747217082374      -7.9422215080008804      -7.9396240143986612      -7.9433198614275424
    3.800000      -7.9395934751924546      -7.9396104471748208      -7.9396104471761006      -7.9396613821807724      -7.9396613821805389      -7.9396104471759168      -7.9396104471761566      -7.9396613821807813      -7.9396613821805406      -7.9388370556888450      -7.9404673044248053      -7.9381947772144557      -7.9414611948876548
    3.900000      -7.9381943619887450      -7.9382121063953202      -7.9382121063966062      -7.9382653569842185      -7.9382653569839574      -7.9382121063965245      -7.9382121063967617      -7.9382653569842407      -7.9382653569839619      -7.9375421037787293      -7.9389626555243558      -7.9370011258965594      -7.9398513930402936
    4.000000      -7.9370168472461700      -7.9370352782037514      -7.9370352782053635      -7.9370905865389352      -7.9370905865386980      -7.9370352782055820      -7.9370352782057880      -7.9370905865390293      -7.9370905865387167      -7.9364611479772229      -7.9376850291152818      -7.9360121102167778      -7.9384715172319522
    4.100000      -7.9360338203403504      -7.9360528482282664      -7.9360528482274546      -7.9361099453944224      -7.9361099453943265      -7.9360528482313146      -7.9360528482285888      -7.9361099453947563      -7.9361099453944224      -7.9355652923381532      -7.9366097353779432      -7.9351977271156793      -7.9372998178363439
    4.200000      -7.9352185249878726      -7.9352380623591667      -7.9352380623599172      -7.9352966860893943      -7.9352966860895657      -7.9352380623621031      -7.9352380623620755      -7.9352966860901759      -7.9352966860898491      -7.9348269968463940      -7.9357114500243426      -7.9345302581563697      -7.9363130361138143
    4.300000      -7.9345457882162567      -7.9345657539802072      -7.9345657539819197      -7.9346256611585044      -7.9346256611615775      -7.9345657539849910      -7.9345657539848959      -7.9346256611599308      -7.9346256611622037      -7.9342211005263206      -7.9349655451039416      -7.9339850207184153      -7.9354877064987575
    4.400000      -7.9339928010979097      -7.9340131229138171      -7.9340131229136199      -7.9340740967272145      -7.9340740967290655      -7.9340131229141573      -7.9340131229138953      -7.9340740967273691      -7.9340740967291445      -7.9337253522812174      -7.9343490719903329      -7.9335406365072334      -7.9348012568349837
    4.500000      -7.9335394904243630      -7.9335601056334948      -7.9335601056340836      -7.9336219583066985      -7.9336219583053440      -7.9335601056349931      -7.9335601056349017      -7.9336219583072065      -7.9336219583056611      -7.9333205538139682      -7.9338413589474204      -7.9331789655003409      -7.9342327972288640
    4.600000      -7.9331685789915554      -7.9331894344903526      -7.9331894344914948      -7.9332520069136976      -7.9332520069151666      -7.9331894344926637      -7.9331894344928600      -7.9332520069146657      -7.9332520069158354      -7.9329904425645363      -7.9334242707977696      -7.9328848438313626      -7.9337635820876473
    4.700000      -7.9328654419476772      -7.9328864934601260      -7.9328864934611092      -7.9329496529924537      -7.9329496529936279      -7.9328864934615986      -7.9328864934619618      -7.9329496529930985      -7.9329496529941075      -7.9327214270855597      -7.9330822170263753      -7.9326457301438182      -7.9333771928314132
    4.800000      -7.9326178509865901      -7.9326390620336920      -7.9326390620346352      -7.9327026993965708      -7.9327026993973906      -7.9326390620348004      -7.9326390620353537      -7.9327026993971366      -7.9327026993978347      -7.9325022579318656      -7.9328019984610112      -7.9324513293606884      -7.9330595159825554
    4.900000      -7.9324156725901682      -7.9324370133700182      -7.9324370133709934      -7.9325010392927915      -7.9325010392931290      -7.9324370133711506      -7.9324370133719091      -7.9325010392935518      -7.9325010392937507      -7.9323236877507064      -7.9325725670999461      -7.9322932335610563      -7.9327985913943575
    5.000000      -7.9322505625814763      -7.9322720088907710      -7.9322720088919487      -7.9323363508760698      -7.9323363508761586      -7.9322720088926726      -7.9322720088937135      -7.9323363508775859      -7.9323363508774447      -7.9321781509915832      -7.9323847524166231      -7.9321645994698518      -7.9325843916283176
    5.100000      -7.9321156808248743      -7.9321372130842871      -7.9321372130857295      -7.9322018124871025      -7.9322018124873246      -7.9321372130873344      -7.9321372130887084      -7.9322018124897369      -7.9322018124896161      -7.9320594778862334      -7.9322309880195130      -7.9320598695116153      -7.9324085759412846
    5.200000      -7.9320054372846265      -7.9320270396933434      -7.9320270396944439      -7.9320918491880317      -7.9320918491880779      -7.9320270396954751      -7.9320270396968109      -7.9320918491901651      -7.9320918491899821      -7.9319626475093701      -7.9321050576580605      -7.9319745363059697      -7.9322642464965796
    5.300000      -7.9319152728404045      -7.9319369326640672      -7.9319369326647600      -7.9320019141094411      -7.9320019141092466      -7.9319369326649589      -7.9319369326661509      -7.9320019141107165      -7.9320019141104092      -7.9318835792158193      -7.9320018694065224      -7.9319049469538072      -7.9321457222848215
    5.400000      -7.9318414739255463      -7.9318631809046520      -7.9318631809052738      -7.9319283035719899      -7.9319283035718255      -7.9318631809054576      -7.9318631809067002      -7.9319283035733248      -7.9319283035730601      -7.9318189589966286      -7.9319172605744557      -7.9318481420058484      -7.9320483379783013
    5.500000      -7.9317810179720905      -7.9318027638367488      -7.9318027638371547      -7.9318680029574979      -7.9318680029571897      -7.9318027638368944      -7.9318027638380517      -7.9318680029583453      -7.9318680029579856      -7.9317660963914012      -7.9318478324618775      -7.9318017239506542      -7.9319682698726464
    5.600000      -7.9317314456374834      -7.9317532237152610      -7.9317532237155914      -7.9318185593049968      -7.9318185593046664      -7.9317532237152388      -7.9317532237163810      -7.9318185593057544      -7.9318185593053911      -7.9317228072486854      -7.9317908121561391      -7.9317637501764082      -7.9319023879882762
    5.700000      -7.9316907559479226      -7.9317125608469752      -7.9317125608464067      -7.9317779767537768      -7.9317779767534429      -7.9317125608459929      -7.9317125608471200      -7.9317779767544652      -7.9317779767541019      -7.9316873181536982      -7.9317439380625903      -7.9317326461689319      -7.9318481320840908
    5.800000      -7.9316573205609719      -7.9316791479128028      -7.9316791479121633      -7.9317446310566870      -7.9317446310563335      -7.9316791479116500      -7.9316791479127353      -7.9317446310572457      -7.9317446310568700      -7.9316581886985205      -7.9317053656715570      -7.9317071351931707      -7.9318034086288787
    5.900000      -7.9316298138637382      -7.9316516601216804      -7.9316516601209814      -7.9317171998828115      -7.9317171998805041      -7.9316516601203926      -7.9316516601214264      -7.9317171998832459      -7.9317171998809313      -7.9316342483753841      -7.9316735902976596      -7.9316861813914743      -7.9317665057215860
    6.000000      -7.9316071561115864      -7.9316290183868547      -7.9316290183861273      -7.9316946061119875      -7.9316946061096090      -7.9316290183855127      -7.9316290183865057      -7.9316946061123605      -7.9316946061099758      -7.9316145454106586      -7.9316473839599713      -7.9316689437629746      -7.9317360231767147
