# molecule         = LiH
# geometry         = Li 0 0 0; H 0 0 {R:.6f}
# basis            = sadlej
# basis_source     = sadlej.gbs
# lambda           = 0.050000
# omega            = 0.120800
# mode_dir         = [1.0, 0.0, 0.0]
# scheme           = general
# offdiag          = none
# method           = QED-FCI
# nboson_max       = 20
# n_fock_states    = 21
# ff_step_h        = 0.0005
# n_field_points   = 13
# fci_tol          = 1e-11
# fci_max_cycle    = 300
# scf_conv_tol     = 1e-12
# center_geometry  = True
# frozen_core_orbitals = 1
# coherent_state   = True
# z_selfconsistent_iter = 4
# R_range_Ang      = 0.8:0.1:6.0
# R_e_ref_Ang      = 1.5957
# pyscf            = 2.11.0
# python           = 3.13.12
# host             = fedora
# date             = 2026-08-16 13:32:58
# columns          = R,fci[0],fci[+x],fci[-x],fci[+2x],fci[-2x],fci[+y],fci[-y],fci[+2y],fci[-2y],fci[+z],fci[-z],fci[+2z],fci[-2z]
    0.800000      -7.7733744694779565      -7.7733778076900224      -7.7733778076900863      -7.7733878238478606      -7.7733878238486325      -7.7733778412170338      -7.7733778412171430      -7.7733879580064293      -7.7733879580079561      -7.7724288278125648      -7.7743233756785841      -7.7714864643272961      -7.7752755353930416
    0.900000      -7.8590122570894598      -7.8590153549615120      -7.8590153549615840      -7.8590246498502658      -7.8590246498496592      -7.8590153861816221      -7.8590153861816514      -7.8590247747783932      -7.8590247747794866      -7.8580602098942789      -7.8599675502557513      -7.8571114227371908      -7.8609260776104897
    1.000000      -7.9178225669773505      -7.9178255706382439      -7.9178255706370679      -7.9178345827909187      -7.9178345827904604      -7.9178256012014803      -7.9178256012015105      -7.9178347050914066      -7.9178347050905842      -7.9168551589728384      -7.9187933733200113      -7.9158911669382128      -7.9197675626696959
    1.100000      -7.9576421537623467      -7.9576451520191114      -7.9576451520180465      -7.9576541479378697      -7.9576541479374621      -7.9576451830563766      -7.9576451830564325      -7.9576542721354784      -7.9576542721346044      -7.9566524396004272      -7.9586355394505359      -7.9556664200421681      -7.9596325761059692
    1.200000      -7.9839671674358588      -7.9839702198889748      -7.9839702198880023      -7.9839793784394066      -7.9839793784390531      -7.9839702522290406      -7.9839702522289535      -7.9839795078501155      -7.9839795078492202      -7.9829497471750157      -7.9849886357508231      -7.9819364053937534      -7.9860141246245036
    1.300000      -8.0006800465046108      -8.0006831981412034      -8.0006831981402993      -8.0006926543309671      -8.0006926543305923      -8.0006832324085391      -8.0006832324098553      -8.0006927914584587      -8.0006927914574941      -7.9996306472789609      -8.0017339694390799      -7.9985858119632978      -8.0027923794399722
    1.400000      -8.0105434014594756      -8.0105466898561701      -8.0105466898550723      -8.0105565564569119      -8.0105565564564873      -8.0105467264986245      -8.0105467264985624      -8.0105567030823366      -8.0105567030812868      -8.0094586504615091      -8.0116332519551303      -8.0083790521786842      -8.0127281532096539
    1.500000      -8.0155395408525845      -8.0155429984556452      -8.0155429984557625      -8.0155533728445114      -8.0155533728439554      -8.0155430377680048      -8.0155430377680759      -8.0155535301528680      -8.0155535301518110      -8.0144168878051634      -8.0166679738137532      -8.0133000851707923      -8.0178021219734408
    1.600000      -8.0170976386193082      -8.0171012931777277      -8.0171012931778662      -8.0171122586458718      -8.0171122586451684      -8.0171013354063163      -8.0171013354062985      -8.0171124276229015      -8.0171124276241272      -8.0159353026496110      -8.0182665492657890      -8.0147796347180034      -8.0194419488305790
    1.700000      -8.0162475931613724      -8.0162514687955273      -8.0162514687956659      -8.0162630977428080      -8.0162630977420299      -8.0162515142279354      -8.0162515142277719      -8.0162632795398672      -8.0162632795416009      -8.0150444906639944      -8.0174581959952231      -8.0138490120049219      -8.0186761857566857
    1.800000      -8.0137311036754060      -8.0137352226373473      -8.0137352226375107      -8.0137475818697883      -8.0137475818705930      -8.0137352716275156      -8.0137352716277626      -8.0137477779042623      -8.0137477779060173      -8.0124868028629628      -8.0149839852460545      -8.0112512459608940      -8.0162452979120022
    1.900000      -8.0100835567293274      -8.0100879410813359      -8.0100879410815438      -8.0101010968450996      -8.0101010968447568      -8.0100879940390364      -8.0100879940392904      -8.0101013087571680      -8.0101013087565676      -8.0087982810834006      -8.0113786798188933      -8.0075230681201877      -8.0126834532146880
    2.000000      -8.0056929352386454      -8.0056976081171758      -8.0056976081173978      -8.0057116298876423      -8.0057116298871307      -8.0056976654954184      -8.0056976654959104      -8.0057118594887591      -8.0057118594877483      -8.0043676044999277      -8.0070296063246609      -8.0030538977281296      -8.0083773585081062
    2.100000      -8.0008413944893757      -8.0008463810149042      -8.0008463810152364      -8.0008613442371104      -8.0008613442364709      -8.0008464433066599      -8.0008464433045710      -8.0008615934911731      -8.0008615934926315      -7.9994776911909806      -8.0022182071332786      -7.9981274705393304      -8.0036077886834995
    2.200000      -7.9957346121332673      -7.9957399401165965      -7.9957399401151807      -7.9957559283066288      -7.9957559283054698      -7.9957400078469512      -7.9957400078445833      -7.9957561993246271      -7.9957561993260571      -7.9943350690161203      -7.9971493714617274      -7.9929512327812731      -7.9985789006071446
    2.300000      -7.9905227522385216      -7.9905284527696798      -7.9905284527680553      -7.9905455593085453      -7.9905455593095027      -7.9905285265023522      -7.9905285265018584      -7.9905458543399357      -7.9905458543394854      -7.9890908589286038      -7.9919723823071749      -7.9876773460311421      -7.9934391649430836
    2.400000      -7.9853156459719958      -7.9853217539681332      -7.9853217539680781      -7.9853400837359292      -7.9853400837373067      -7.9853218342954895      -7.9853218342952541      -7.9853404051451768      -7.9853404051459034      -7.9838559730868699      -7.9867960815432966      -7.9824179044932100      -7.9882965175303600
    2.500000      -7.9801938933143388      -7.9802004480271655      -7.9802004480270758      -7.9802201189181305      -7.9802201189172957      -7.9802005355604511      -7.9802005355618029      -7.9802204691404279      -7.9802204691412477      -7.9787122303752742      -7.9816999585356605      -7.9772560644101809      -7.9832294359559075
    2.600000      -7.9752170164662486      -7.9752240619023542      -7.9752240619020309      -7.9752452060876813      -7.9752452060864059      -7.9752241572524305      -7.9752241572493441      -7.9752455875540580      -7.9752455875538661      -7.9737205164101370      -7.9767422951178517      -7.9722542072647959      -7.9782950754066562
    2.700000      -7.9704294403732350      -7.9704370255525632      -7.9704370255520764      -7.9704597902587615      -7.9704597902599144      -7.9704371292943001      -7.9704371292942948      -7.9704602052600793      -7.9704602052597355      -7.9689267568143372      -7.9719661469825294      -7.9674598962473979      -7.9735352468834924
    2.800000      -7.9658648447592313      -7.9658730236685251      -7.9658730236677089      -7.9658975710175453      -7.9658975710190294      -7.9658731363001074      -7.9658731363000719      -7.9658980215272193      -7.9658980215267432      -7.9643662373138415      -7.9674037137875224      -7.9629101450058277      -7.9689807957117873
    2.900000      -7.9615492680154922      -7.9615580990433443      -7.9615580990427954      -7.9615846043414802      -7.9615846043406977      -7.9615582209214155      -7.9615582209208986      -7.9615850917672883      -7.9615850917679376      -7.9600666358203664      -7.9630794900453896      -7.9586343448483934      -7.9646547812670239
    3.000000      -7.9575032194759991      -7.9575127640613008      -7.9575127640606071      -7.9575414117339029      -7.9575414117327901      -7.9575128953329415      -7.9575128953329974      -7.9575419366225084      -7.9575419366230573      -7.9560500056211350      -7.9590124679864473      -7.9546560701328621      -7.9605747408747733
    3.100000      -7.9537429646336015      -7.9537532848544608      -7.9537532848534296      -7.9537842611679812      -7.9537842611687095      -7.9537534253613194      -7.9537534253614615      -7.9537848228551891      -7.9537848228558570      -7.9523338606945684      -7.9552175711892064      -7.9509939034407990      -7.9567542296656439
    3.200000      -7.9502810905491783      -7.9502922454165876      -7.9502922454149587      -7.9503257273351480      -7.9503257273365433      -7.9502923946186357      -7.9502923946185291      -7.9503263236190147      -7.9503263236185227      -7.9489314725781597      -7.9517064324424291      -7.9476614078717942      -7.9532037597421326
    3.300000      -7.9471264461893512      -7.9471384866762795      -7.9471384866739188      -7.9471746268998213      -7.9471746268991588      -7.9471386435878539      -7.9471386435877900      -7.9471752537912526      -7.9471752537904807      -7.9458515074824092      -7.9484875969299287      -7.9446664388307697      -7.9499312183250748
    3.400000      -7.9442835939466168      -7.9442965571569060      -7.9442965571583031      -7.9443354666226700      -7.9443354666216575      -7.9442967203334076      -7.9442967203329333      -7.9443361183033669      -7.9443361183039833      -7.9430972169369323      -7.9455662405742533      -7.9420101217093393      -7.9469418312374325
    3.500000      -7.9417519976143609      -7.9417659010674182      -7.9417659010663790      -7.9418076318065651      -7.9418076318073405      -7.9417660686592590      -7.9417660686569338      -7.9418083008475531      -7.9418083008482849      -7.9406655176730423      -7.9429435466039990      -7.9396859605044856      -7.9442377608316290
    3.600000      -7.9395252693484029      -7.9395401067101758      -7.9395401067093534      -7.9395846391230425      -7.9395846391237344      -7.9395402765960652      -7.9395402765959187      -7.9395853170184996      -7.9395853170192670      -7.9385463828209994      -7.9406159650300605      -7.9376795726599791      -7.9418174830996664
    3.700000      -7.9375908333499305      -7.9376065729557617      -7.9376065729543637      -7.9376538114282980      -7.9376538114294384      -7.9376067429329495      -7.9376067429329185      -7.9376544893677758      -7.9376544893688834      -7.9367229248304785      -7.9385746467816478      -7.9359693775122908      -7.9396751562049985
    3.800000      -7.9359302733536365      -7.9359468601738286      -7.9359468601728960      -7.9359966390707024      -7.9359966390718677      -7.9359470281709035      -7.9359470281704372      -7.9359973087831888      -7.9359973087824747      -7.9351723423094001      -7.9368053376514123      -7.9345282298678868      -7.9378002308132425
    3.900000      -7.9345204169784473      -7.9345377776759491      -7.9345377776747936      -7.9345898765998575      -7.9345898766010805      -7.9345379419307243      -7.9345379419301167      -7.9345905310700466      -7.9345905310692197      -7.9338676022307144      -7.9352889012384704      -7.9333256517138064      -7.9361775174095248
    4.000000      -7.9333349634204353      -7.9333530132719199      -7.9333530132715309      -7.9334071778026525      -7.9334071778038675      -7.9333531724485145      -7.9333531724481468      -7.9334078117210272      -7.9334078117201239      -7.9327794885369700      -7.9340024432491303      -7.9323301532481150      -7.9347878040320676
    4.100000      -7.9323463050069689      -7.9323649550190467      -7.9323649550183113      -7.9324209181147607      -7.9324209181158967      -7.9323651082354782      -7.9323651082353974      -7.9324215280041042      -7.9324215280032826      -7.9318785837375732      -7.9329208201787296      -7.9315112023309071      -7.9336089497040216
    4.200000      -7.9315271905837346      -7.9315463535791988      -7.9315463535816404      -7.9316038537516125      -7.9316038537533222      -7.9315465003878964      -7.9315465003839138      -7.9316044378278283      -7.9316044378295478      -7.9311368581781361      -7.9320182231994396      -7.9308406077126090      -7.9326172402583754
    4.300000      -7.9308519981737984      -7.9308715930792761      -7.9308715930816120      -7.9309303872825758      -7.9309303872821317      -7.9308717333659677      -7.9308717333659411      -7.9309309451583241      -7.9309309451588357      -7.9305287263005990      -7.9312695602710992      -7.9302932920594245      -7.9317887449002535
    4.400000      -7.9302975388928898      -7.9303174932652754      -7.9303174932653153      -7.9303773643560405      -7.9303773643572022      -7.9303176271827631      -7.9303176271793339      -7.9303778966760365      -7.9303778966777125      -7.9300315903229208      -7.9306514729232447      -7.9298475641156339      -7.9311004590749858
    4.500000      -7.9298434351601168      -7.9298636861649472      -7.9298636861673417      -7.9299244458458773      -7.9299244458455735      -7.9298638140504156      -7.9298638140505604      -7.9299249539550036      -7.9299249539554406      -7.9296259818824293      -7.9301429496502323      -7.9294850455212584      -7.9305311192923433
    4.600000      -7.9294721764400364      -7.9294926707720679      -7.9294926707733744      -7.9295541593318992      -7.9295541593322332      -7.9294927930576868      -7.9294927930579870      -7.9295546449781513      -7.9295546449789072      -7.9292954359160106      -7.9297255875643851      -7.9291903968165771      -7.9300616755117508
    4.700000      -7.9291689655977153      -7.9291896587803192      -7.9291896587810387      -7.9292517429549028      -7.9292517429572555      -7.9291897759406114      -7.9291897759375427      -7.9292522080834491      -7.9292522080846171      -7.9290262140813903      -7.9293835940231077      -7.9289509510490346      -7.9296754728232273
    4.800000      -7.9289214514309263      -7.9289423067877696      -7.9289423067879596      -7.9290048767123444      -7.9290048767138401      -7.9289424193191973      -7.9289424193177682      -7.9290053233108422      -7.9290053233096440      -7.9288069637059140      -7.9291036229484000      -7.9287563259009595      -7.9293582219183127
    4.900000      -7.9287194158016385      -7.9287404033447100      -7.9287404033436895      -7.9288033691982758      -7.9288033691978219      -7.9287405117344338      -7.9287405117344543      -7.9288037992034859      -7.9288037992045401      -7.9286283673176241      -7.9288745234775462      -7.9285980548218120      -7.9290978369532743
    5.000000      -7.9285544586316501      -7.9285755539907701      -7.9285755539907976      -7.9286388427540437      -7.9286388427531627      -7.9285756586898737      -7.9285756586898399      -7.9286392579946980      -7.9286392579957159      -7.9284828136606063      -7.9286870559760141      -7.9284692567640054      -7.9288842043160033
    5.100000      -7.9284197048401275      -7.9284408882719326      -7.9284408882722470      -7.9285044408248382      -7.9285044408237724      -7.9284409897052619      -7.9284409897051509      -7.9285048429905371      -7.9285048429902147      -7.9283641048877866      -7.9285336099969568      -7.9283643512793081      -7.9287089270721429
    5.200000      -7.9283095443749891      -7.9283307999296433      -7.9283307999327848      -7.9283945685062651      -7.9283945685059880      -7.9283308984816205      -7.9283308984818550      -7.9283949591283989      -7.9283949591294256      -7.9282672044040989      -7.9284079433279375      -7.9282788185084927      -7.9285650732290431
    5.300000      -7.9282194084987072      -7.9282407233084449      -7.9282407233076624      -7.9283046693483188      -7.9283046693497932      -7.9282408193184644      -7.9282408193170752      -7.9283050498111880      -7.9283050498100023      -7.9281880244398746      -7.9283049508221115      -7.9282090001724308      -7.9284469433767928
    5.400000      -7.9281455810307309      -7.9281669447046266      -7.9281669447039285      -7.9282310370976798      -7.9282310370990201      -7.9281670384837950      -7.9281670384826954      -7.9282314086312047      -7.9282314086314862      -7.9281232495703966      -7.9282204652774348      -7.9281519361184367      -7.9283498647129136
    5.500000      -7.9280850413527144      -7.9281064455021806      -7.9281064455020340      -7.9281706591200480      -7.9281706591193304      -7.9281065373240738      -7.9281065373240631      -7.9281710228276889      -7.9281710228285460      -7.9280701915614822      -7.9281510892433618      -7.9281052310854543      -7.9282700134076878
    5.600000      -7.9280353349005148      -7.9280567727392874      -7.9280567727390849      -7.9281210872581829      -7.9281210872572725      -7.9280568628478516      -7.9280568628478747      -7.9281214441098253      -7.9281214441109871      -7.9280266707065046      -7.9280940546957535      -7.9280669464498974      -7.9282042640960668
    5.700000      -7.9279944670682276      -7.9280159330968276      -7.9280159330966757      -7.9280803320467523      -7.9280803320457203      -7.9280160217061155      -7.9280160217059015      -7.9280806828993864      -7.9280806828988366      -7.9279909192259881      -7.9280471070562388      -7.9280355125780462      -7.9281500640130345
    5.800000      -7.9279608166100308      -7.9279823063610522      -7.9279823063609669      -7.9280467763597198      -7.9280467763587552      -7.9279823936591995      -7.9279823936592493      -7.9280471219624031      -7.9280471219634583      -7.9279615028384054      -7.9280084098970454      -7.9280096579272392      -7.9281053286446665
    5.900000      -7.9279330651890074      -7.9279545750194487      -7.9279545750216025      -7.9280191051610025      -7.9280191051604048      -7.9279546611713814      -7.9279546611686031      -7.9280194461717057      -7.9280194461727289      -7.9279372572018589      -7.9279764669815531      -7.9279883517793248      -7.9280683557586995
    6.000000      -7.9279101401014707      -7.9279316670328619      -7.9279316670329560      -7.9279962483913708      -7.9279962483899258      -7.9279317521803261      -7.9279317521801405      -7.9279965853868308      -7.9279965853862189      -7.9279172364256638      -7.9279500586330443      -7.9279707579604359      -7.9280377548283116
