# molecule         = LiH
# geometry         = Li 0 0 0; H 0 0 {R:.6f}
# basis            = sadlej
# basis_source     = sadlej.gbs
# lambda           = 0.100000
# omega            = 0.120800
# mode_dir         = [1.0, 0.0, 0.0]
# scheme           = general
# offdiag          = none
# method           = QED-FCI
# nboson_max       = 20
# n_fock_states    = 21
# ff_step_h        = 0.0005
# n_field_points   = 13
# fci_tol          = 1e-11
# fci_max_cycle    = 300
# scf_conv_tol     = 1e-12
# center_geometry  = True
# frozen_core_orbitals = 1
# coherent_state   = True
# z_selfconsistent_iter = 4
# R_range_Ang      = 0.8:0.1:6.0
# R_e_ref_Ang      = 1.5957
# pyscf            = 2.11.0
# python           = 3.13.12
# host             = fedora
# date             = 2026-08-16 13:55:21
# columns          = R,fci[0],fci[+x],fci[-x],fci[+2x],fci[-2x],fci[+y],fci[-y],fci[+2y],fci[-2y],fci[+z],fci[-z],fci[+2z],fci[-2z]
    0.800000      -7.7657588047821218      -7.7657619541255904      -7.7657619541254244      -7.7657714033291363      -7.7657714033278822      -7.7657620522060338      -7.7657620522076058      -7.7657717957758017      -7.7657717957745671      -7.7648164148470116      -7.7667042477033306      -7.7638770898122811      -7.7676527337952166
    0.900000      -7.8515022267080266      -7.8515051547913677      -7.8515051547913384      -7.8515139400039695      -7.8515139400031648      -7.8515052459043009      -7.8515052459043906      -7.8515143045702525      -7.8515143045720102      -7.8505527626560427      -7.8524547493618657      -7.8496063698920455      -7.8534103197848575
    1.000000      -7.9103305521629421      -7.9103333936899514      -7.9103333936930360      -7.9103419191603717      -7.9103419191618229      -7.9103334824339093      -7.9103334824341713      -7.9103422742438418      -7.9103422742427076      -7.9093650271211944      -7.9112992959971189      -7.9084027370408627      -7.9122712443798706
    1.100000      -7.9501124864409434      -7.9501153225253738      -7.9501153225253605      -7.9501238316384253      -7.9501238316397966      -7.9501154122075430      -7.9501154122056175      -7.9501241904887765      -7.9501241904870188      -7.9491239633249915      -7.9511044989791619      -7.9481389509416118      -7.9520999817850573
    1.200000      -7.9763647568729326      -7.9763676409771422      -7.9763676409800217      -7.9763762941896088      -7.9763762941909189      -7.9763677342474892      -7.9763677342466766      -7.9763766673894949      -7.9763766673883598      -7.9753478367314727      -7.9773855323505707      -7.9743348000580543      -7.9784101375754934
    1.300000      -7.9929806867891147      -7.9929836585164447      -7.9929836585160157      -7.9929925746645427      -7.9929925746657986      -7.9929837575683118      -7.9929837575661491      -7.9929929709994356      -7.9929929710008807      -7.9919310831138937      -7.9940346044774477      -7.9908858305664774      -7.9950928021756731
    1.400000      -8.0027272898989121      -8.0027303824334357      -8.0027303824335405      -8.0027396610971078      -8.0027396610986550      -8.0027304888828432      -8.0027304888828397      -8.0027400870414347      -8.0027400870434118      -8.0016416064360296      -8.0038178415064305      -8.0005608401886121      -8.0049132161350087
    1.500000      -8.0075903392073542      -8.0075935820508519      -8.0075935820509390      -8.0076033117802581      -8.0076033117794818      -8.0075936968201678      -8.0075936968178532      -8.0076037710133541      -8.0076037710148675      -8.0064660073932004      -8.0087201943205297      -8.0053472639024417      -8.0098555128336759
    1.600000      -8.0090044652847130      -8.0090078844314565      -8.0090078844315720      -8.0090181432385315      -8.0090181432375527      -8.0090080080177124      -8.0090080080187889      -8.0090186377515540      -8.0090186377526731      -8.0078397009844799      -8.0101755188503496      -8.0066813122198646      -8.0113527821942814
    1.700000      -8.0080055553107474      -8.0080091735686487      -8.0080091735687269      -8.0080200299109805      -8.0080200299096589      -8.0080093064692033      -8.0080093064692619      -8.0080205616957656      -8.0080205616937832      -8.0067992800363257      -8.0092190125214291      -8.0056003011220351      -8.0104395463102342
    1.800000      -8.0053399467769530      -8.0053437849996190      -8.0053437850022622      -8.0053553014850021      -8.0053553014863041      -8.0053439279258942      -8.0053439279224996      -8.0053558733780985      -8.0053558733793260      -8.0040917298840046      -8.0065963879102817      -8.0028518888182418      -8.0078609138879369
    1.900000      -8.0015459284945454      -8.0015500070725061      -8.0015500070724315      -8.0015622448983983      -8.0015622449003434      -8.0015501609590132      -8.0015501609581552      -8.0015628606648903      -8.0015628606622329      -8.0002559836706499      -8.0028453200789773      -7.9989756861501906      -8.0041539743231862
    2.000000      -7.9970130377270960      -7.9970173778096019      -7.9970173778094731      -7.9970304004916244      -7.9970304004904600      -7.9970175437952742      -7.9970175437949722      -7.9970310646717984      -7.9970310646698284      -7.9956822632605506      -7.9983547008318689      -7.9943626424156307      -7.9997070098333678
    2.100000      -7.9920240951378343      -7.9920287195794257      -7.9920287195791540      -7.9920425957490444      -7.9920425957500623      -7.9920288989710322      -7.9920288989702293      -7.9920433135581135      -7.9920433135599538      -7.9906541430845772      -7.9934066462833524      -7.9892971398882020      -7.9948014768878544
    2.200000      -7.9867848988105807      -7.9867898329154094      -7.9867898329179052      -7.9868046385554381      -7.9868046385569622      -7.9867900271656405      -7.9867900271638206      -7.9868054158154287      -7.9868054158165727      -7.9853782664666113      -7.9882061705825160      -7.9839867346639837      -7.9896416614396397
    2.300000      -7.9814454294960493      -7.9814507016587219      -7.9814507016585843      -7.9814665220384926      -7.9814665220372580      -7.9814509123611543      -7.9814509123610442      -7.9814673651233745      -7.9814673651253507      -7.9800055709976672      -7.9829023732976996      -7.9785834046929027      -7.9843758505526123
    2.400000      -7.9761152037841789      -7.9761208460962854      -7.9761208460959931      -7.9761377776032001      -7.9761377776012115      -7.9761210749724647      -7.9761210749713918      -7.9761386933785214      -7.9761386933768410      -7.9746466604208974      -7.9776037760216063      -7.9731989423750322      -7.9791116545011906
    2.500000      -7.9708745004019796      -7.9708805492463499      -7.9708805492488528      -7.9708987011609356      -7.9708987011627741      -7.9708807980969949      -7.9708807980955125      -7.9708996968157564      -7.9708996968167067      -7.9693830467952775      -7.9723895338528941      -7.9679162131786549      -7.9739272048717584
    2.600000      -7.9657826021296643      -7.9657890987345272      -7.9657890987342563      -7.9658085948738711      -7.9658085948723940      -7.9657893693770081      -7.9657893693778501      -7.9658096776680640      -7.9658096776659510      -7.9642754021052289      -7.9673176663960472      -7.9627974142617548      -7.9688793743756401
    2.700000      -7.9608838379873017      -7.9608908288457192      -7.9608908288451570      -7.9609118088488708      -7.9609118088500654      -7.9608911230261921      -7.9608911230253305      -7.9609129857093546      -7.9609129857077487      -7.9593695971711549      -7.9624310974482073      -7.9578901012006211      -7.9640098105435406
    2.800000      -7.9562119777967935      -7.9562195148515116      -7.9562195148508614      -7.9562421347093721      -7.9562421347106760      -7.9562198340695200      -7.9562198340691248      -7.9562434116088641      -7.9562434116071570      -7.9547010684558641      -7.9577620639509021      -7.9532315082474563      -7.9593493498764083
    2.900000      -7.9517933644038958      -7.9518015047692980      -7.9518015047689277      -7.9518259359777748      -7.9518259359759096      -7.9518018500940162      -7.9518018500952614      -7.9518273171068667      -7.9518273171084726      -7.9502978815388214      -7.9533352921454892      -7.9488515096600860      -7.9549212198875967
    3.000000      -7.9476490405023794      -7.9476578454440983      -7.9476578454436382      -7.9476842719371739      -7.9476842719380816      -7.9476582172357588      -7.9476582172371630      -7.9476857586615246      -7.9476857586598291      -7.9461827281901538      -7.9491702144013701      -7.9447744364169361      -7.9507433156153473
    3.100000      -7.9437960291730096      -7.9438055620271371      -7.9438055620262897      -7.9438341738945466      -7.9438341738959988      -7.9438059596419075      -7.9438059596416108      -7.9438357635204486      -7.9438357635227925      -7.9423739990301963      -7.9452824028904621      -7.9410198763508379      -7.9468297419386715
    3.200000      -7.9402478645112335      -7.9402581872375135      -7.9402581872398486      -7.9402891703491179      -7.9402891703468752      -7.9402586087237914      -7.9402586087237372      -7.9402908549418809      -7.9402908549396400      -7.9388860267198478      -7.9416843259836813      -7.9376025669641566      -7.9431917401883183
    3.300000      -7.9370144540455945      -7.9370256223258888      -7.9370256223250859      -7.9370591435653921      -7.9370591435662448      -7.9370260641880073      -7.9370260641863952      -7.9370609090346314      -7.9370609090357753      -7.9357286143783385      -7.9383854975188752      -7.9345315608115330      -7.9398380703036491
    3.400000      -7.9341014015847895      -7.9341134587745090      -7.9341134587777606      -7.9341496479344658      -7.9341496479323315      -7.9341139159367531      -7.9341139159360079      -7.9341514738202434      -7.9341514738207071      -7.9329060606411277      -7.9353920990194426      -7.9318089986995162      -7.9367749052482326
    3.500000      -7.9315090249262683      -7.9315219958252507      -7.9315219958245278      -7.9315609268438800      -7.9315609268447105      -7.9315224617959474      -7.9315224617971776      -7.9315627871158965      -7.9315627871162784      -7.9304160406443636      -7.9327062178628136      -7.9294289989921181      -7.9340053216318545
    3.600000      -7.9292314247407152      -7.9292453105653449      -7.9292453105637888      -7.9292869865365541      -7.9292869865379734      -7.9292457779554981      -7.9292457779561012      -7.9292888515523465      -7.9292888515485043      -7.9282488172229986      -7.9303249441631198      -7.9273772288485551      -7.9315285380354910
    3.700000      -7.9272560159154004      -7.9272707920197103      -7.9272707920223393      -7.9273151384249942      -7.9273151384221912      -7.9272712532295948      -7.9272712532272358      -7.9273169777688244      -7.9273169777693475      -7.9263872264151818      -7.9282396572997840      -7.9256315495756269      -7.9293391376681406
    3.800000      -7.9255638382999116      -7.9255794555465338      -7.9255794555487311      -7.9256263244128800      -7.9256263244132059      -7.9255799035370291      -7.9255799035366614      -7.9256281100180654      -7.9256281100179597      -7.9248076498770921      -7.9264358355849458      -7.9241637460734475      -7.9274265652681555
    3.900000      -7.9241307172370492      -7.9241471067785039      -7.9241471067777329      -7.9241962911456127      -7.9241962911464849      -7.9241475357454529      -7.9241475357449218      -7.9241979998747825      -7.9241979998745737      -7.9234818364825488      -7.9248935922586980      -7.9229419522573021      -7.9257751532018110
    4.000000      -7.9229290526003719      -7.9229461328246238      -7.9229461328238617      -7.9229973875985955      -7.9229973875993673      -7.9229465385653048      -7.9229465385650242      -7.9229990027646684      -7.9229990027648913      -7.9223791499396441      -7.9235889088351303      -7.9219331899084979      -7.9243647892329747
    4.100000      -7.9219298300173424      -7.9219475139327153      -7.9219475139315580      -7.9220005780366964      -7.9220005780377933      -7.9219478939341954      -7.9219478939338357      -7.9220020897042378      -7.9220020897047503      -7.9214687428979706      -7.9224953111468173      -7.9211055161301740      -7.9231721369742134
    4.200000      -7.9211044478847619      -7.9211226494911955      -7.9211226494904272      -7.9211772649478087      -7.9211772649489864      -7.9211230027579536      -7.9211230027592432      -7.9211786692706205      -7.9211786692704678      -7.9207212865097860      -7.9215856258644930      -7.9204295154042494      -7.9221721547782051
    4.300000      -7.9204260973726681      -7.9204447362474060      -7.9204447362508583      -7.9205006619072504      -7.9205006619054599      -7.9204450630065573      -7.9204450630067704      -7.9205019598715518      -7.9205019598717552      -7.9201101014508257      -7.9208334982095190      -7.9198791154253509      -7.9213396050961657
    4.400000      -7.9198706150498355      -7.9198896190408190      -7.9198896190429942      -7.9199466386217052      -7.9199466386195612      -7.9198899203773987      -7.9198899203777851      -7.9199478346758596      -7.9199478346759777      -7.9196117214182395      -7.9202144892389859      -7.9194318557278454      -7.9206503082524033
    4.500000      -7.9194168648125531      -7.9194361711752199      -7.9194361711808714      -7.9194940966162308      -7.9194940966149723      -7.9194364487385531      -7.9194364487381659      -7.9194951973880006      -7.9194951973879739      -7.9192060194098595      -7.9197067184941217      -7.9190687861781415      -7.9200820167269628
    4.600000      -7.9190467711921189      -7.9190663265687462      -7.9190663265679868      -7.9191249979990195      -7.9191249979999547      -7.9190665822811042      -7.9190665822820812      -7.9191260112783910      -7.9191260112745114      -7.9188760494976442      -7.9192911187687542      -7.9187741559514109      -7.9196149029742964
    4.700000      -7.9187451320612547      -7.9187648918533338      -7.9187648918525415      -7.9188241756393261      -7.9188241756403599      -7.9187651277620965      -7.9187651277608220      -7.9188251096205580      -7.9188251096205526      -7.9186077339641852      -7.9189514111653638      -7.9185350108890988      -7.9192317273287109
    4.800000      -7.9184993165681394      -7.9185192439204526      -7.9185192439188992      -7.9185790296564704      -7.9185790296537100      -7.9185194620484074      -7.9185194620466284      -7.9185798924521400      -7.9185798924534883      -7.9183894886798347      -7.9186739078576700      -7.9183407743864231      -7.9189177798839037
    4.900000      -7.9182989212766284      -7.9183189859916157      -7.9183189859936833      -7.9183791832094421      -7.9183791832063202      -7.9183191882670059      -7.9183191882659871      -7.9183799825554670      -7.9183799825567469      -7.9182118445249836      -7.9184472278967251      -7.9181828535278207      -7.9186606855565440
    5.000000      -7.9181354298765738      -7.9181556073457706      -7.9181556073481918      -7.9182161423286290      -7.9182161423257940      -7.9181557955638038      -7.9181557955620772      -7.9182168854084143      -7.9182168854051360      -7.9180670963383761      -7.9182619847769562      -7.9180542896476629      -7.9184501419189752
    5.100000      -7.9180019004637376      -7.9180221707041367      -7.9180221707068466      -7.9180829835879187      -7.9180829835855411      -7.9180223465011483      -7.9180223465000052      -7.9180836769651908      -7.9180836769659670      -7.9179489933164051      -7.9181104814830769      -7.9179494591108677      -7.9182776373745565
    5.200000      -7.9178926908133320      -7.9179130376241096      -7.9179130376240519      -7.9179740798767559      -7.9179740798782632      -7.9179132024770231      -7.9179132024789318      -7.9179747294864145      -7.9179747294870468      -7.9178524744802585      -7.9179864319049011      -7.9178638228450033      -7.9181361784868214
    5.300000      -7.9178032237962208      -7.9178236340534367      -7.9178236340555985      -7.9178848663672436      -7.9178848663649175      -7.9178237893004413      -7.9178237893026200      -7.9178854775324439      -7.9178854775316418      -7.9177734472180967      -7.9178847165068413      -7.9177937197155623      -7.9180200416300259
    5.400000      -7.9177297908126079      -7.9177502538734688      -7.9177502538757976      -7.9178116443765205      -7.9178116443742095      -7.9177504007020083      -7.9177504007046400      -7.9178122218559492      -7.9178122218513494      -7.9177086042997438      -7.9178011736284839      -7.9177361976138165      -7.9179245551605089
    5.500000      -7.9176693891693759      -7.9176898963969657      -7.9176898963959417      -7.9177514192197256      -7.9177514192210960      -7.9176900358643714      -7.9176900358627318      -7.9177519672427170      -7.9177519672448922      -7.9176552741326338      -7.9177324243767622      -7.9176888763307947      -7.9178459131557073
    5.600000      -7.9176195885993721      -7.9176401329738786      -7.9176401329728305      -7.9177017670841741      -7.9177017670854637      -7.9176402660147369      -7.9176402660151419      -7.9177022894016797      -7.9177022894019622      -7.9176112987810088      -7.9176757273903897      -7.9176498365254835      -7.9177810187389239
    5.700000      -7.9175784223708838      -7.9175989981679997      -7.9175989981699280      -7.9176607264118042      -7.9176607264130601      -7.9175991256124156      -7.9175991256155207      -7.9176612263393373      -7.9176612263385815      -7.9175749350490285      -7.9176288594058510      -7.9176175301141072      -7.9177273538456365
    5.800000      -7.9175442987026754      -7.9175649012345017      -7.9175649012365144      -7.9176267095809720      -7.9176267095781521      -7.9175650238122017      -7.9175650238131112      -7.9176271900248523      -7.9176271900271145      -7.9175447744117449      -7.9175900175095419      -7.9175907079754513      -7.9176828717831338
    5.900000      -7.9175159289214472      -7.9175365543409217      -7.9175365543430667      -7.9175984312600791      -7.9175984312573942      -7.9175366726952161      -7.9175366726933039      -7.9175988947893083      -7.9175988947895934      -7.9175196783049717      -7.9175577394763010      -7.9175683617115462      -7.9176459091187468
    6.000000      -7.9174922692375551      -7.9175129143686265      -7.9175129143705876      -7.9175748503510510      -7.9175748503480090      -7.9175130290532927      -7.9175130290490925      -7.9175752991909025      -7.9175752991934525      -7.9174987258360687      -7.9175308389622323      -7.9175496766901565      -7.9176151136278996
