# molecule         = H2
# geometry         = H 0 0 0; H 0 0 {R:.6f}
# basis            = sadlej
# basis_source     = sadlej.gbs
# lambda           = 0.025000
# omega            = 0.468700
# mode_dir         = [0.0, 0.0, 1.0]
# scheme           = axial
# offdiag          = none
# method           = QED-FCI
# nboson_max       = 8
# n_fock_states    = 9
# ff_step_h        = 0.001
# n_field_points   = 9
# fci_tol          = 1e-11
# fci_max_cycle    = 300
# scf_conv_tol     = 1e-12
# center_geometry  = True
# frozen_core_orbitals = 0
# coherent_state   = True
# z_selfconsistent_iter = 0
# R_range_Ang      = 0.4:0.1:5.0
# R_e_ref_Ang      = 0.7414
# pyscf            = 2.11.0
# python           = 3.13.12
# host             = fedora
# date             = 2026-08-17 21:42:13
# columns          = R,fci[0],fci[+z],fci[-z],fci[+2z],fci[-2z],fci[+x],fci[-x],fci[+2x],fci[-2x]
    0.500000      -1.0700894396526899      -1.0700914343497245      -1.0700914343498023      -1.0700974186034722      -1.0700974186034624      -1.0700908922397356      -1.0700908922397347      -1.0700952500204119      -1.0700952500204124
    0.600000      -1.1329222464526276      -1.1329247160718696      -1.1329247160719993      -1.1329321251920279      -1.1329321251919231      -1.1329239835412876      -1.1329239835412450      -1.1329291948859723      -1.1329291948859754
    0.700000      -1.1569551030585288      -1.1569581312815447      -1.1569581312818920      -1.1569672163112772      -1.1569672163111977      -1.1569571450478713      -1.1569571450479419      -1.1569632711375926      -1.1569632711375912
    0.800000      -1.1606009649965063      -1.1606046301553850      -1.1606046301560293      -1.1606156261000424      -1.1606156261002720      -1.1606033228527766      -1.1606033228529082      -1.1606103965760743      -1.1606103965760701
    0.900000      -1.1534177812320727      -1.1534221517885686      -1.1534221517884069      -1.1534352640570606      -1.1534352640570598      -1.1534204568147006      -1.1534204568149535      -1.1534284837537510      -1.1534284837537483
    1.000000      -1.1406505328779208      -1.1406556611448373      -1.1406556611449301      -1.1406710467102563      -1.1406710467102434      -1.1406535194550682      -1.1406535194550727      -1.1406624794123510      -1.1406624794123346
    1.100000      -1.1253074971637851      -1.1253134114308188      -1.1253134114309438      -1.1253311552081511      -1.1253311552081158      -1.1253107799852353      -1.1253107799852398      -1.1253206287109281      -1.1253206287109077
    1.200000      -1.1091715143033385      -1.1091782102941301      -1.1091782102942882      -1.1091982995209189      -1.1091982995208771      -1.1091750713446227      -1.1091750713446440      -1.1091857427645264      -1.1091857427645011
    1.300000      -1.0933222385986223      -1.0933296718639811      -1.0933296718642112      -1.0933519732880836      -1.0933519732879904      -1.0933260415213195      -1.0933260415213613      -1.0933374506187508      -1.0933374506187059
    1.400000      -1.0784162787996907      -1.0784243603001320      -1.0784243603004993      -1.0784486069307806      -1.0784486069306118      -1.0784202942208414      -1.0784202942209127      -1.0784323408456162      -1.0784323408455565
    1.500000      -1.0648402443053775      -1.0648488416211930      -1.0648488416216748      -1.0648746363498471      -1.0648746363496293      -1.0648444354932081      -1.0648444354933155      -1.0648570094488472      -1.0648570094489296
    1.600000      -1.0527973840412155      -1.0528063298934711      -1.0528063298933694      -1.0528331710272547      -1.0528331710275614      -1.0528017130398719      -1.0528017130399976      -1.0528147004566939      -1.0528147004567854
    1.700000      -1.0423604302705400      -1.0423695382255307      -1.0423695382254228      -1.0423968665664654      -1.0423968665668011      -1.0423648602638158      -1.0423648602639508      -1.0423781506892142      -1.0423781506893168
    1.800000      -1.0335071558277096      -1.0335162406342997      -1.0335162406341891      -1.0335435004434954      -1.0335435004438525      -1.0335116533955624      -1.0335116533957094      -1.0335251465654167      -1.0335251465653279
    1.900000      -1.0261468568522105      -1.0261557548331706      -1.0261557548332392      -1.0261824549787082      -1.0261824549790974      -1.0261513937362563      -1.0261513937364313      -1.0261650048661333      -1.0261650048660469
    2.000000      -1.0201420690572465      -1.0201506535808686      -1.0201506535807283      -1.0201764139775329      -1.0201764139779694      -1.0201466231361638      -1.0201466231363712      -1.0201602858682406      -1.0201602858681604
    2.100000      -1.0153276096987778      -1.0153357984924267      -1.0153357984922677      -1.0153603720547557      -1.0153603720547417      -1.0153321651162841      -1.0153321651165192      -1.0153458318727342      -1.0153458318726738
    2.200000      -1.0115273763558807      -1.0115351303298568      -1.0115351303303917      -1.0115583995034652      -1.0115583995035415      -1.0115319229092057      -1.0115319229094781      -1.0115455630672785      -1.0115455630672268
    2.300000      -1.0085682741750837      -1.0085755900527762      -1.0085755900527540      -1.0085975447682296      -1.0085975447682578      -1.0085728062499506      -1.0085728062502435      -1.0085864029793872      -1.0085864029793006
    2.400000      -1.0062904354770701      -1.0062973356172360      -1.0062973356170590      -1.0063180427581488      -1.0063180427581484      -1.0062949508639425      -1.0062949508642440      -1.0063084975290988      -1.0063084975290628
    2.500000      -1.0045533913622142      -1.0045599136627064      -1.0045599136625225      -1.0045794867985953      -1.0045794867986009      -1.0045578901317251      -1.0045578901313068      -1.0045713869425330      -1.0045713869425195
    2.600000      -1.0032385768329228      -1.0032447664655089      -1.0032447664661517      -1.0032633410432905      -1.0032633410437779      -1.0032430604296598      -1.0032430604295171      -1.0032565117078256      -1.0032565117079155
    2.700000      -1.0022490667896147      -1.0022549703129555      -1.0022549703129429      -1.0022726859939106      -1.0022726859940478      -1.0022535373449375      -1.0022535373448069      -1.0022669495020746      -1.0022669495020995
    2.800000      -1.0015075889766749      -1.0015132506660311      -1.0015132506660342      -1.0015302402887536      -1.0015302402889246      -1.0015120488701090      -1.0015120488701801      -1.0015254290364151      -1.0015254290364766
    2.900000      -1.0009537198716616      -1.0009591797432467      -1.0009591797430362      -1.0009755633917645      -1.0009755633917783      -1.0009581714317013      -1.0009581714318732      -1.0009715265959711      -1.0009715265959660
    3.000000      -1.0005409021352791      -1.0005461951467871      -1.0005461951465469      -1.0005620777398496      -1.0005620777398443      -1.0005453474838359      -1.0005453474840826      -1.0005586840095972      -1.0005586840095881
    3.100000      -1.0002336584858922      -1.0002388144600123      -1.0002388144597754      -1.0002542855160779      -1.0002542855160843      -1.0002380994589199      -1.0002380994591233      -1.0002514228539625      -1.0002514228539605
    3.200000      -1.0000051771101304      -1.0000102210628450      -1.0000102210625981      -1.0000253556802763      -1.0000253556802803      -1.0000096152361486      -1.0000096152362357      -1.0000229300864389      -1.0000229300861374
    3.300000      -0.9998353174266433      -0.9998402700868915      -0.9998402700866463      -0.9998551305004032      -0.9998551305003968      -0.9998397539379985      -0.9998397539380054      -0.9998530639409645      -0.9998530639408533
    3.400000      -0.9997090162595890      -0.9997138946505004      -0.9997138946502435      -0.9997285319733724      -0.9997285319733580      -0.9997134521217765      -0.9997134521217197      -0.9997267601731545      -0.9997267601739097
    3.500000      -0.9996150433262440      -0.9996198613345481      -0.9996198613342816      -0.9996343172663654      -0.9996343172663485      -0.9996194792755836      -0.9996194792754868      -0.9996327875856482      -0.9996327875864613
    3.600000      -0.9995450454784072      -0.9995498143749235      -0.9995498143746619      -0.9995641227629548      -0.9995641227629422      -0.9995494820615638      -0.9995494820614503      -0.9995627922705894      -0.9995627922713615
    3.700000      -0.9994928210372980      -0.9994975499334688      -0.9994975499332188      -0.9995117381424032      -0.9995117381423886      -0.9994972586488571      -0.9994972586487463      -0.9995105719408157      -0.9995105719415216
    3.800000      -0.9994537728042355      -0.9994584690421088      -0.9994584690418590      -0.9994725591243797      -0.9994725591243737      -0.9994582117199936      -0.9994582117198859      -0.9994715289224655      -0.9994715289230979
    3.900000      -0.9994244974260590      -0.9994291669058711      -0.9994291669056260      -0.9994431765848152      -0.9994431765848079      -0.9994289378311288      -0.9994289378310356      -0.9994422594996702      -0.9994422595002087
    4.000000      -0.9994024777979590      -0.9994071252503115      -0.9994071252500772      -0.9994210687371231      -0.9994210687371102      -0.9994069198095915      -0.9994069198095105      -0.9994202462960938      -0.9994202462965435
    4.100000      -0.9993858530513311      -0.9993904822619191      -0.9993904822616864      -0.9994043709301272      -0.9994043709301172      -0.9993902967367732      -0.9993902967367092      -0.9994036282431067      -0.9994036282434597
    4.200000      -0.9993732469932178      -0.9993778609875558      -0.9993778609873339      -0.9993917039277586      -0.9993917039277532      -0.9993776923832779      -0.9993776923832306      -0.9993910290020008      -0.9993910290022531
    4.300000      -0.9993636406529565      -0.9993682418480134      -0.9993682418478058      -0.9993820463229748      -0.9993820463229706      -0.9993680877520577      -0.9993680877520237      -0.9993814294965278      -0.9993814294966830
    4.400000      -0.9993562780959006      -0.9993608684241716      -0.9993608684239720      -0.9993746402413576      -0.9993746402413507      -0.9993607268893133      -0.9993607268892958      -0.9993740737154596      -0.9993740737155109
    4.500000      -0.9993505972178055      -0.9993551782292528      -0.9993551782290669      -0.9993689220447500      -0.9993689220447347      -0.9993550476775420      -0.9993550476775336      -0.9993683994991961      -0.9993683994991741
    4.600000      -0.9993461791330619      -0.9993507520731163      -0.9993507520740673      -0.9993644716392885      -0.9993644716392770      -0.9993506312184562      -0.9993506312184487      -0.9993639879182182      -0.9993639879181208
    4.700000      -0.9993427112199352      -0.9993472771038733      -0.9993472771048179      -0.9993609754643916      -0.9993609754643876      -0.9993471648851201      -0.9993471648851217      -0.9993605263219322      -0.9993605263217725
    4.800000      -0.9993399601038230      -0.9993445197612471      -0.9993445197621683      -0.9993581994124369      -0.9993581994124302      -0.9993444152948868      -0.9993444152948846      -0.9993577813096067      -0.9993577813093971
    4.900000      -0.9993377517497830      -0.9993423058703272      -0.9993423058712363      -0.9993559688836204      -0.9993559688840081      -0.9993422084094579      -0.9993422084094579      -0.9993555788290940      -0.9993555788288424
    5.000000      -0.9993359566678370      -0.9993405058313904      -0.9993405058322846      -0.9993541539503978      -0.9993541539507653      -0.9993404147349798      -0.9993404147349825      -0.9993537893761808      -0.9993537893759004
