# molecule         = H2
# geometry         = H 0 0 0; H 0 0 {R:.6f}
# basis            = sadlej
# basis_source     = sadlej.gbs
# lambda           = 0.050000
# omega            = 0.468700
# mode_dir         = [0.0, 0.0, 1.0]
# scheme           = axial
# offdiag          = none
# method           = QED-FCI
# nboson_max       = 8
# n_fock_states    = 9
# ff_step_h        = 0.001
# n_field_points   = 9
# fci_tol          = 1e-11
# fci_max_cycle    = 300
# scf_conv_tol     = 1e-12
# center_geometry  = True
# frozen_core_orbitals = 0
# coherent_state   = True
# z_selfconsistent_iter = 0
# R_range_Ang      = 0.4:0.1:5.0
# R_e_ref_Ang      = 0.7414
# pyscf            = 2.11.0
# python           = 3.13.12
# host             = fedora
# date             = 2026-08-17 21:42:59
# columns          = R,fci[0],fci[+z],fci[-z],fci[+2z],fci[-2z],fci[+x],fci[-x],fci[+2x],fci[-2x]
    0.500000      -1.0693198614358648      -1.0693218499141890      -1.0693218499145514      -1.0693278154945405      -1.0693278154950072      -1.0693213121018819      -1.0693213121021727      -1.0693256641053008      -1.0693256641052893
    0.600000      -1.1321018417149824      -1.1321043045004660      -1.1321043045008079      -1.1321116931271489      -1.1321116931270947      -1.1321035764737475      -1.1321035764738505      -1.1321087808387194      -1.1321087808387109
    0.700000      -1.1560837729452511      -1.1560867936485413      -1.1560867936491341      -1.1560958561148080      -1.1560958561148036      -1.1560858122368352      -1.1560858122370190      -1.1560919302308084      -1.1560919302308048
    0.800000      -1.1596810920979601      -1.1596847489344544      -1.1596847489342346      -1.1596957199065545      -1.1596957199065501      -1.1596834469052135      -1.1596834469052304      -1.1596905114814449      -1.1596905114814331
    0.900000      -1.1524534390516370      -1.1524578003035468      -1.1524578003036694      -1.1524708846537102      -1.1524708846536671      -1.1524561112399665      -1.1524561112399809      -1.1524641279939589      -1.1524641279939285
    1.000000      -1.1396469349304121      -1.1396520526233287      -1.1396520526235285      -1.1396674064613785      -1.1396674064613119      -1.1396499177485802      -1.1396499177486157      -1.1396588664272294      -1.1396588664271885
    1.100000      -1.1242706376383003      -1.1242765396263366      -1.1242765396266554      -1.1242942465617443      -1.1242942465616299      -1.1242739162943134      -1.1242739162943649      -1.1242837525223477      -1.1242837525222922
    1.200000      -1.1081079460538952      -1.1081146274522720      -1.1081146274527480      -1.1081346728971759      -1.1081346728969548      -1.1081114984636078      -1.1081114984637135      -1.1081221559873287      -1.1081221559872181
    1.300000      -1.0922388935350318      -1.0922463091224173      -1.0922463091222188      -1.0922685575057973      -1.0922685575061726      -1.0922426912897989      -1.0922426912900365      -1.0922540848826920      -1.0922540848828839
    1.400000      -1.0773202455098259      -1.0773283053791836      -1.0773283053788834      -1.0773524871095184      -1.0773524871094851      -1.0773242551570137      -1.0773242551573938      -1.0773362844595338      -1.0773362844595282
    1.500000      -1.0637384729454773      -1.0637470438606749      -1.0637470438606882      -1.0637727593793525      -1.0637727593793687      -1.0637426576961766      -1.0637426576960403      -1.0637552123376341      -1.0637552123376213
    1.600000      -1.0516963374034558      -1.0517052515253860      -1.0517052515248912      -1.0517319974597139      -1.0517319974596520      -1.0517006592684301      -1.0517006592682852      -1.0517136252804793      -1.0517136252804500
    1.700000      -1.0412657267769276      -1.0412747975803613      -1.0412747975805550      -1.0413020144536573      -1.0413020144535703      -1.0412701489417393      -1.0412701489415923      -1.0412834158781381      -1.0412834158781212
    1.800000      -1.0324232632186825      -1.0324323059635963      -1.0324323059638405      -1.0324594395666482      -1.0324594395665447      -1.0324277523052587      -1.0324277523051091      -1.0324412200277235      -1.0324412200276960
    1.900000      -1.0250768969214177      -1.0250857490351069      -1.0250857490355794      -1.0251123115460152      -1.0251123115459038      -1.0250814247496409      -1.0250814247495021      -1.0250950087085837      -1.0250950087085602
    2.000000      -1.0190877772460871      -1.0190963136303217      -1.0190963136308546      -1.0191219295580338      -1.0191219295579172      -1.0190923217996171      -1.0190923217994940      -1.0191059559467155      -1.0191059559471554
    2.100000      -1.0142894570493086      -1.0142975971254815      -1.0142975971261736      -1.0143220244679385      -1.0143220244678357      -1.0142940025837859      -1.0142940025836975      -1.0143076396799728      -1.0143076396803543
    2.200000      -1.0105048182555516      -1.0105125245188973      -1.0105125245193844      -1.0105356504873828      -1.0105356504872787      -1.0105093546702839      -1.0105093546702097      -1.0105229644140916      -1.0105229644142555
    2.300000      -1.0075600614060694      -1.0075673318741669      -1.0075673318758822      -1.0075891502695804      -1.0075891502697345      -1.0075645831880962      -1.0075645831880857      -1.0075781490206914      -1.0075781490209448
    2.400000      -1.0052949206764357      -1.0053017786029723      -1.0053017786040639      -1.0053223590085236      -1.0053223590086089      -1.0052994256769090      -1.0052994256769276      -1.0053129411695394      -1.0053129411698574
    2.500000      -1.0035687833065667      -1.0035752671060980      -1.0035752671067035      -1.0035947246445378      -1.0035947246445052      -1.0035732716419992      -1.0035732716431827      -1.0035867371471434      -1.0035867371474461
    2.600000      -1.0022631222887384      -1.0022692773283235      -1.0022692773290316      -1.0022877480358499      -1.0022877480359009      -1.0022675954320057      -1.0022675954330726      -1.0022810153545807      -1.0022810153548960
    2.700000      -1.0012811615940220      -1.0012870343930298      -1.0012870343933762      -1.0013046578106541      -1.0013046578105145      -1.0012856216950445      -1.0012856216959365      -1.0012990024878448      -1.0012990024876964
    2.800000      -1.0005458321793548      -1.0005514668141637      -1.0005514668145488      -1.0005683751902228      -1.0005683751901118      -1.0005502816183398      -1.0005502816191476      -1.0005636304213534      -1.0005636304212335
    2.900000      -0.9999969280263739      -1.0000023642284039      -1.0000023642287570      -1.0000186767912205      -1.0000186767910790      -1.0000013691299057      -1.0000013691305729      -1.0000146929222244      -1.0000146929221310
    3.000000      -0.9995880992002704      -0.9995933716021215      -0.9995933716024772      -0.9996091922958554      -0.9996091922957033      -0.9995925340825624      -0.9995925340831446      -0.9996058392067273      -0.9996058392066913
    3.100000      -0.9992840530347670      -0.9992891911279237      -0.9992891911283027      -0.9993046084773808      -0.9993046084772427      -0.9992884835230899      -0.9992884835236148      -0.9993017754611991      -0.9993017754612993
    3.200000      -0.9990581348325679      -0.9990631633155403      -0.9990631633159229      -0.9990782514664217      -0.9990782514662743      -0.9990625624466772      -0.9990625624471609      -0.9990758457585668      -0.9990758457586669
    3.300000      -0.9988903337638925      -0.9988952730725612      -0.9988952730729536      -0.9989100933799168      -0.9989100933797564      -0.9988947597281891      -0.9988947597286445      -0.9989080380873024      -0.9989080380873042
    3.400000      -0.9987656917357157      -0.9987705586289726      -0.9987705586293825      -0.9987851614129257      -0.9987851614127778      -0.9987701170088881      -0.9987701170093271      -0.9987833932916004      -0.9987833932915675
    3.500000      -0.9986730625941228      -0.9986778707239844      -0.9986778707243992      -0.9986922969794413      -0.9986922969792834      -0.9986774879070334      -0.9986774879074617      -0.9986907643062771      -0.9986907643062278
    3.600000      -0.9986041601562772      -0.9986089205869151      -0.9986089205873399      -0.9986232035406759      -0.9986232035405183      -0.9986085860515979      -0.9986085860520206      -0.9986218641955826      -0.9986218641955149
    3.700000      -0.9985528359240696      -0.9985575575858867      -0.9985575575863170      -0.9985717240590617      -0.9985717240588918      -0.9985572627936545      -0.9985572627940766      -0.9985705438581700      -0.9985705438580925
    3.800000      -0.9985145348740011      -0.9985192249508835      -0.9985192249513209      -0.9985332965209482      -0.9985332965207719      -0.9985189629920511      -0.9985189629924752      -0.9985322477998583      -0.9985322477997814
    3.900000      -0.9984858870069707      -0.9984905512611245      -0.9984905512615690      -0.9985045452369402      -0.9985045452367617      -0.9984903165579472      -0.9984903165580631      -0.9985036056625950      -0.9985036056624857
    4.000000      -0.9984644014390954      -0.9984690444807843      -0.9984690444812224      -0.9984829747121095      -0.9984829747119314      -0.9984688325403340      -0.9984688325404832      -0.9984821262940052      -0.9984821262938827
    4.100000      -0.9984482377065018      -0.9984528632165282      -0.9984528632169558      -0.9984667407619130      -0.9984667407617296      -0.9984526704259553      -0.9984526704261414      -0.9984659690326121      -0.9984659690324793
    4.200000      -0.9984360352665557      -0.9984406461790932      -0.9984406461795120      -0.9984544798547822      -0.9984544798545877      -0.9984404696362322      -0.9984404696364265      -0.9984537731919615      -0.9984537731918167
    4.300000      -0.9984267869367618      -0.9984313855892886      -0.9984313855897002      -0.9984451824192995      -0.9984451824191072      -0.9984312229626422      -0.9984312229628571      -0.9984445314855250      -0.9984445314853692
    4.400000      -0.9984197454853888      -0.9984243337412883      -0.9984243337416808      -0.9984380993255170      -0.9984380993253196      -0.9984241831546304      -0.9984241831548609      -0.9984374966062234      -0.9984374966060526
    4.500000      -0.9984143551112076      -0.9984189344596649      -0.9984189344600419      -0.9984326732738796      -0.9984326732736849      -0.9984187943972135      -0.9984187943974568      -0.9984321126977714      -0.9984321126975976
    4.600000      -0.9984102014284996      -0.9984147730654701      -0.9984147730658245      -0.9984284887044353      -0.9984284887042262      -0.9984146422944610      -0.9984146422947079      -0.9984279653336282      -0.9984279653334390
    4.700000      -0.9984069750316192      -0.9984115399248975      -0.9984115399252217      -0.9984252352977058      -0.9984252352975042      -0.9984114174330306      -0.9984114174332793      -0.9984247450773133      -0.9984247450771310
    4.800000      -0.9984044448865693      -0.9984090038274348      -0.9984090038277350      -0.9984226813128044      -0.9984226813126079      -0.9984088887730057      -0.9984088887732557      -0.9984222208712187      -0.9984222208710413
    4.900000      -0.9984024387550012      -0.9984069923987597      -0.9984069923990320      -0.9984206539666722      -0.9984206539664786      -0.9984068840715272      -0.9984068840717679      -0.9984202204588684      -0.9984202204587076
    5.000000      -0.9984008286279094      -0.9984053775251096      -0.9984053775253576      -0.9984190248306426      -0.9984190248304377      -0.9984052753161667      -0.9984052753164094      -0.9984186158176167      -0.9984186158174726
