# molecule         = H2
# geometry         = H 0 0 0; H 0 0 {R:.6f}
# basis            = sadlej
# basis_source     = sadlej.gbs
# lambda           = 0.025000
# omega            = 0.468700
# mode_dir         = [1.0, 0.0, 0.0]
# scheme           = general
# offdiag          = none
# method           = QED-FCI
# nboson_max       = 8
# n_fock_states    = 9
# ff_step_h        = 0.001
# n_field_points   = 13
# fci_tol          = 1e-11
# fci_max_cycle    = 300
# scf_conv_tol     = 1e-12
# center_geometry  = True
# frozen_core_orbitals = 0
# coherent_state   = True
# z_selfconsistent_iter = 0
# R_range_Ang      = 0.4:0.1:5.0
# R_e_ref_Ang      = 0.7414
# pyscf            = 2.11.0
# python           = 3.13.12
# host             = fedora
# date             = 2026-08-17 21:47:25
# columns          = R,fci[0],fci[+x],fci[-x],fci[+2x],fci[-2x],fci[+y],fci[-y],fci[+2y],fci[-2y],fci[+z],fci[-z],fci[+2z],fci[-2z]
    0.500000      -1.0701232515547596      -1.0701247045347315      -1.0701247045348590      -1.0701290635395313      -1.0701290635395286      -1.0701247039973782      -1.0701247039974773      -1.0701290613894383      -1.0701290613894414      -1.0701252477621856      -1.0701252477622007      -1.0701312365917366      -1.0701312365917490
    0.600000      -1.1329607615474331      -1.1329624991074094      -1.1329624991074450      -1.1329677118786312      -1.1329677118786343      -1.1329624983306894      -1.1329624983306747      -1.1329677087713785      -1.1329677087713728      -1.1329632326760011      -1.1329632326760797      -1.1329706463362530      -1.1329706463364444
    0.700000      -1.1569988711810679      -1.1570009137207973      -1.1570009137208688      -1.1570070414605444      -1.1570070414605360      -1.1570009126472178      -1.1570009126472240      -1.1570070371655858      -1.1570070371655881      -1.1570019009071819      -1.1570019009071828      -1.1570109904438928      -1.1570109904438546
    0.800000      -1.1606499376389570      -1.1606522961338082      -1.1606522961339316      -1.1606593717738243      -1.1606593717738045      -1.1606522947134443      -1.1606522947134608      -1.1606593660914188      -1.1606593660914217      -1.1606536042948019      -1.1606536042948101      -1.1606646047287255      -1.1606646047288813
    0.900000      -1.1534714929362802      -1.1534741692675172      -1.1534741692677137      -1.1534821984522210      -1.1534821984521662      -1.1534741674625679      -1.1534741674626003      -1.1534821912310729      -1.1534821912310582      -1.1534758650063690      -1.1534758650063830      -1.1534889818158021      -1.1534889818157914
    1.000000      -1.1407082357387242      -1.1407112231990375      -1.1407112231993244      -1.1407201858077345      -1.1407201858076479      -1.1407112209868253      -1.1407112209868719      -1.1407201769569992      -1.1407201769569926      -1.1407133655911625      -1.1407133655911736      -1.1407287559137549      -1.1407287559137358
    1.100000      -1.1253682456792560      -1.1253715295465159      -1.1253715295469300      -1.1253813814122493      -1.1253813814121130      -1.1253715269212958      -1.1253715269213735      -1.1253813709089120      -1.1253813709088933      -1.1253741617049267      -1.1253741617049013      -1.1253919107586345      -1.1253919107586066
    1.200000      -1.1092342068237704      -1.1092377651004122      -1.1092377651009557      -1.1092484402298473      -1.1092484402300880      -1.1092377620740503      -1.1092377620741831      -1.1092484281213828      -1.1092484281213646      -1.1092409049035452      -1.1092409049031531      -1.1092610003958359      -1.1092610003958057
    1.300000      -1.0933856488781837      -1.0933894532490100      -1.0933894532496837      -1.0934008666954855      -1.0934008666958333      -1.0933894498504735      -1.0933894498506640      -1.0934008530977737      -1.0934008530977501      -1.0933930847754390      -1.0933930847754394      -1.0934153940931797      -1.0934153940931499
    1.400000      -1.0784791064948014      -1.0784831235942449      -1.0784831235950356      -1.0784951752598646      -1.0784951752598495      -1.0784831198676268      -1.0784831198678757      -1.0784951603488917      -1.0784951603488588      -1.0784871914220611      -1.0784871914220526      -1.0785114483298890      -1.0785114483298250
    1.500000      -1.0649011900471896      -1.0649053831536062      -1.0649053831545343      -1.0649179628690628      -1.0649179628690435      -1.0649053791546599      -1.0649053791549556      -1.0649179468680732      -1.0649179468680343      -1.0649097918365402      -1.0649097918358534      -1.0649355999785526      -1.0649355999784769
    1.600000      -1.0528552395402315      -1.0528595706962067      -1.0528595706972377      -1.0528725645906836      -1.0528725645906609      -1.0528595664871705      -1.0528595664875107      -1.0528725477488197      -1.0528725477487835      -1.0528641911013519      -1.0528641911012191      -1.0528910493593000      -1.0528910493592378
    1.700000      -1.0424141695894171      -1.0424186019683450      -1.0424186019694672      -1.0424318995580530      -1.0424318995580215      -1.0424185976121429      -1.0424185976125182      -1.0424318821270653      -1.0424318821270253      -1.0424232845586250      -1.0424232845592534      -1.0424506339416442      -1.0424506339415984
    1.800000      -1.0335560132056596      -1.0335605133682666      -1.0335605133695021      -1.0335740143303420      -1.0335740143303136      -1.0335605089227045      -1.0335605089231112      -1.0335739965414059      -1.0335739965413655      -1.0335651062380933      -1.0335651062380875      -1.0335923907230882      -1.0335923907230256
    1.900000      -1.0261903764820288      -1.0261949161417177      -1.0261949161430486      -1.0262085356123942      -1.0262085356123740      -1.0261949116548565      -1.0261949116552966      -1.0262085176578257      -1.0262085176577966      -1.0261992836375513      -1.0261992836375380      -1.0262260113121591      -1.0262260113120949
    2.000000      -1.0201801155856207      -1.0201846725976929      -1.0201846725976280      -1.0201983441281037      -1.0201983441280962      -1.0201846681039526      -1.0201846681044195      -1.0201983261513279      -1.0201983261513063      -1.0201887098530695      -1.0201887098530533      -1.0202144994812197      -1.0202144994811437
    2.100000      -1.0153603369544215      -1.0153648954331607      -1.0153648954344325      -1.0153785713596510      -1.0153785713597567      -1.0153648909591653      -1.0153648909596509      -1.0153785534543573      -1.0153785534543345      -1.0153685356285682      -1.0153685356285456      -1.0153931388157444      -1.0153931388156678
    2.200000      -1.0115551630879140      -1.0115597127932265      -1.0115597127939218      -1.0115733624104175      -1.0115733624113610      -1.0115597083490164      -1.0115597083495245      -1.0115733446266921      -1.0115733446275303      -1.0115629266521415      -1.0115629266521269      -1.0115862245992866      -1.0115862245992164
    2.300000      -1.0085916437014892      -1.0085961790037501      -1.0085961790037246      -1.0086097854179246      -1.0086097854180947      -1.0085961745932281      -1.0085961745937200      -1.0086097677732229      -1.0086097677733272      -1.0085989685438601      -1.0085989685438432      -1.0086209501653196      -1.0086209501652594
    2.400000      -1.0063099773971900      -1.0063144960706876      -1.0063144960704224      -1.0063280525972955      -1.0063280525978944      -1.0063144916935396      -1.0063144916940179      -1.0063280350878738      -1.0063280350884332      -1.0063168856390903      -1.0063168856390727      -1.0063376171015650      -1.0063376171015090
    2.500000      -1.0045696980884782      -1.0045742001938598      -1.0045742001941227      -1.0045877070108924      -1.0045877070119531      -1.0045741958479653      -1.0045741958481973      -1.0045876896219155      -1.0045876896227011      -1.0045762274929759      -1.0045762274929848      -1.0045958219502127      -1.0045958219501743
    2.600000      -1.0032522003129956      -1.0032566872818791      -1.0032566872847466      -1.0032701486931732      -1.0032701486939000      -1.0032566829648950      -1.0032566829653191      -1.0032701314047534      -1.0032701314049373      -1.0032583959973667      -1.0032583959974710      -1.0032769887322499      -1.0032769887322670
    2.700000      -1.0022604945274480      -1.0022649684940184      -1.0022649684960039      -1.0022783908948110      -1.0022783908950770      -1.0022649641942603      -1.0022649641945252      -1.0022783736835141      -1.0022783736836005      -1.0022664030537163      -1.0022664030537753      -1.0022841337541946      -1.0022841337542050
    2.800000      -1.0015172352066997      -1.0015216985467876      -1.0015216985483679      -1.0015350890636401      -1.0015350890636334      -1.0015216942602931      -1.0015216942604448      -1.0015350719096114      -1.0015350719096057      -1.0015229008998554      -1.0015229008998541      -1.0015399025497875      -1.0015399025497722
    2.900000      -1.0009619268504737      -1.0009663818943897      -1.0009663818959826      -1.0009797475178288      -1.0009797475178657      -1.0009663776179771      -1.0009663776181572      -1.0009797304036696      -1.0009797304036965      -1.0009673898014710      -1.0009673898014932      -1.0009837827015573      -1.0009837827015569
    3.000000      -1.0005479471953380      -1.0005523960652658      -1.0005523960667908      -1.0005657431622228      -1.0005657431622441      -1.0005523917946344      -1.0005523917948196      -1.0005657260716303      -1.0005657260707366      -1.0005532424434391      -1.0005532424434502      -1.0005691317588270      -1.0005691317588263
    3.100000      -1.0002397635450535      -1.0002442080785547      -1.0002442080799963      -1.0002575421619280      -1.0002575421611557      -1.0002442038101780      -1.0002442038103867      -1.0002575250808967      -1.0002575250802201      -1.0002449209969730      -1.0002449209969757      -1.0002603964981098      -1.0002603964980983
    3.200000      -1.0000105185393844      -1.0000149602668595      -1.0000149602682122      -1.0000282859281349      -1.0000282859277498      -1.0000149559977918      -1.0000149559980236      -1.0000282688447100      -1.0000282688443787      -1.0000155632919130      -1.0000155632919134      -1.0000307003192783      -1.0000307003192721
    3.300000      -0.9998400350583930      -0.9998444752138426      -0.9998444752150734      -0.9998577961552751      -0.9998577961551597      -0.9998444709415187      -0.9998444709417508      -0.9998577790593791      -0.9998577790593285      -0.9998449879151231      -0.9998449879151169      -0.9998598489276113      -0.9998598489275984
    3.400000      -0.9997132209928501      -0.9997176605430049      -0.9997176605441389      -0.9997309796651386      -0.9997309796648737      -0.9997176562654542      -0.9997176562656762      -0.9997309625480943      -0.9997309625485973      -0.9997180990446435      -0.9997180990447530      -0.9997327353589549      -0.9997327353589454
    3.500000      -0.9996188232359343      -0.9996232629178320      -0.9996232629188194      -0.9996365824319392      -0.9996365824315404      -0.9996232586333716      -0.9996232586335635      -0.9996365652879263      -0.9996365652883333      -0.9996236404301632      -0.9996236404302573      -0.9996380939278163      -0.9996380939278017
    3.600000      -0.9995484705713256      -0.9995529109318038      -0.9995529109326555      -0.9995662324787091      -0.9995662324782497      -0.9995529066393181      -0.9995529066394946      -0.9995662153031428      -0.9995662153034348      -0.9995532382328935      -0.9995532382329801      -0.9995675429233337      -0.9995675429233197
    3.700000      -0.9994959469253430      -0.9995003883585776      -0.9995003883593365      -0.9995137131208847      -0.9995137131206930      -0.9995003840573420      -0.9995003840575067      -0.9995136959111004      -0.9995136959113424      -0.9995006742136814      -0.9995006742136305      -0.9995148576057367      -0.9995148576057233
    3.800000      -0.9994566435623912      -0.9994610863433150      -0.9994610863440213      -0.9994744151464995      -0.9994744151463147      -0.9994610820329947      -0.9994610820331399      -0.9994743979005413      -0.9994743979007165      -0.9994613378622498      -0.9994613378622011      -0.9994754221364789      -0.9994754221364647
    3.900000      -0.9994271478707070      -0.9994315921832072      -0.9994315921839086      -0.9994449255791197      -0.9994449255789312      -0.9994315878637604      -0.9994315878638839      -0.9994449082966347      -0.9994449082968223      -0.9994318151203464      -0.9994318151203049      -0.9994458181140614      -0.9994458181140483
    4.000000      -0.9994049353551561      -0.9994093813149937      -0.9994093813156525      -0.9994227196507856      -0.9994227196506161      -0.9994093769865263      -0.9994093769866387      -0.9994227023323864      -0.9994227023325680      -0.9994095803190287      -0.9994095803189981      -0.9994235163449298      -0.9994235163449202
    4.100000      -0.9993881393243063      -0.9993925869969218      -0.9993925869975093      -0.9994059304689966      -0.9994059304688350      -0.9993925826597549      -0.9993925826598473      -0.9994059131160753      -0.9994059131162913      -0.9993927658181931      -0.9993927658181607      -0.9994066463402456      -0.9994066463402389
    4.200000      -0.9993753790885406      -0.9993798285027488      -0.9993798285032599      -0.9993931771977417      -0.9993931771975787      -0.9993798241573671      -0.9993798241574331      -0.9993931598122455      -0.9993931598125195      -0.9993799901647870      -0.9993799901647599      -0.9993938243541510      -0.9993938243541488
    4.300000      -0.9993656322954991      -0.9993700834536670      -0.9993700834540797      -0.9993834373786952      -0.9993834373785484      -0.9993700791006255      -0.9993700791006581      -0.9993834199628753      -0.9993834199631551      -0.9993702303949499      -0.9993702303949263      -0.9993840255861262      -0.9993840255861162
    4.400000      -0.9993581405453623      -0.9993625934306148      -0.9993625934309333      -0.9993759525352105      -0.9993759525350866      -0.9993625890705561      -0.9993625890705661      -0.9993759350915733      -0.9993759350918511      -0.9993627276217433      -0.9993627276217251      -0.9993764896859701      -0.9993764896859648
    4.500000      -0.9993523399958676      -0.9993567945772780      -0.9993567945775400      -0.9993701587689147      -0.9993701587687974      -0.9993567902108432      -0.9993567902108392      -0.9993701413000312      -0.9993701413002180      -0.9993569176172451      -0.9993569176172280      -0.9993706512672068      -0.9993706512672041
    4.600000      -0.9993478105700347      -0.9993522668063005      -0.9993522668065221      -0.9993656359612254      -0.9993656359611057      -0.9993522624341143      -0.9993522624340955      -0.9993656184696490      -0.9993656184696568      -0.9993523800011633      -0.9993523800011476      -0.9993660890382506      -0.9993660890382433
    4.700000      -0.9993442388505774      -0.9993486966925974      -0.9993486966927735      -0.9993620706635254      -0.9993620706634164      -0.9993486923152396      -0.9993486923152147      -0.9993620531515585      -0.9993620531515263      -0.9993488011191748      -0.9993488011191626      -0.9993624886325047      -0.9993624886324998
    4.800000      -0.9993413909193466      -0.9993458503120033      -0.9993458503121483      -0.9993592289337544      -0.9993592289336551      -0.9993458459300592      -0.9993458459300441      -0.9993592114036186      -0.9993592114035644      -0.9993459468688449      -0.9993459468688356      -0.9993596153937724      -0.9993596153937657
    4.900000      -0.9993390923517165      -0.9993435532353807      -0.9993435532355053      -0.9993569363291406      -0.9993569363290582      -0.9993435488493521      -0.9993435488493598      -0.9993569187828608      -0.9993569187828195      -0.9993436426827564      -0.9993436426827447      -0.9993572943253715      -0.9993572943253710
    5.000000      -0.9993372133394001      -0.9993416756510598      -0.9993416756511655      -0.9993550630279002      -0.9993550630278325      -0.9993416712610295      -0.9993416712614260      -0.9993550454671822      -0.9993550454671056      -0.9993417586418589      -0.9993417586418496      -0.9993553951753629      -0.9993553951753542
