# molecule         = H2
# geometry         = H 0 0 0; H 0 0 {R:.6f}
# basis            = sadlej
# basis_source     = sadlej.gbs
# lambda           = 0.100000
# omega            = 0.468700
# mode_dir         = [1.0, 0.0, 0.0]
# scheme           = general
# offdiag          = none
# method           = QED-FCI
# nboson_max       = 8
# n_fock_states    = 9
# ff_step_h        = 0.001
# n_field_points   = 13
# fci_tol          = 1e-11
# fci_max_cycle    = 300
# scf_conv_tol     = 1e-12
# center_geometry  = True
# frozen_core_orbitals = 0
# coherent_state   = True
# z_selfconsistent_iter = 0
# R_range_Ang      = 0.4:0.1:5.0
# R_e_ref_Ang      = 0.7414
# pyscf            = 2.11.0
# python           = 3.13.12
# host             = fedora
# date             = 2026-08-17 21:49:16
# columns          = R,fci[0],fci[+x],fci[-x],fci[+2x],fci[-2x],fci[+y],fci[-y],fci[+2y],fci[-2y],fci[+z],fci[-z],fci[+2z],fci[-2z]
    0.500000      -1.0667868223506571      -1.0667882718064925      -1.0667882718065973      -1.0667926202083506      -1.0667926202082365      -1.0667882634240209      -1.0667882634240253      -1.0667925866758192      -1.0667925866758059      -1.0667888101934933      -1.0667888101933756      -1.0667947738952293      -1.0667947738949228
    0.600000      -1.1294422023744259      -1.1294439354158932      -1.1294439354160504      -1.1294491346287823      -1.1294491346290336      -1.1294439233218905      -1.1294439233220379      -1.1294490862487259      -1.1294490862487192      -1.1294446620093479      -1.1294446620093270      -1.1294520411788487      -1.1294520411786817
    0.700000      -1.1533059962088972      -1.1533080334914469      -1.1533080334916832      -1.1533141454621880      -1.1533141454621756      -1.1533080167908727      -1.1533080167911289      -1.1533140786534810      -1.1533140786534650      -1.1533090109493722      -1.1533090109493505      -1.1533180555202924      -1.1533180555205407
    0.800000      -1.1567939467042236      -1.1567962995292351      -1.1567962995289072      -1.1568033581603427      -1.1568033581603245      -1.1567962774452556      -1.1567962774452505      -1.1568032698162785      -1.1568032698162356      -1.1567975944376334      -1.1567975944376190      -1.1568085380908619      -1.1568085380908610
    0.900000      -1.1494657462084437      -1.1494684167902773      -1.1494684167903917      -1.1494764287282579      -1.1494764287282273      -1.1494683887340849      -1.1494683887340731      -1.1494763164927027      -1.1494763164926236      -1.1494700949050951      -1.1494700949050527      -1.1494831415756745      -1.1494831415756528
    1.000000      -1.1365675232960664      -1.1365705052176409      -1.1365705052178288      -1.1365794512116909      -1.1365794512116185      -1.1365704708354092      -1.1365704708353892      -1.1365793136690874      -1.1365793136689506      -1.1365726247537697      -1.1365726247537666      -1.1365879298643158      -1.1365879298642674
    1.100000      -1.1211082707884061      -1.1211115495359325      -1.1211115495361990      -1.1211213860446620      -1.1211213860445519      -1.1211115087378865      -1.1211115087378689      -1.1211212228358132      -1.1211212228356335      -1.1211141527745847      -1.1211141527745665      -1.1211317996731882      -1.1211317996730967
    1.200000      -1.1048711031012148      -1.1048746567836552      -1.1048746567840246      -1.1048853181340892      -1.1048853181342873      -1.1048746097549182      -1.1048746097549547      -1.1048851299995222      -1.1048851299993396      -1.1048777608368625      -1.1048777608368394      -1.1048977352525355      -1.1048977352523730
    1.300000      -1.0889355608197469      -1.0889393611238929      -1.0889393611243232      -1.0889507623740440      -1.0889507623743029      -1.0889393083160837      -1.0889393083161840      -1.0889505511205426      -1.0889505511206825      -1.0889429494181506      -1.0889429494181306      -1.0889651167836467      -1.0889651167834380
    1.400000      -1.0739578413967763      -1.0739618548665182      -1.0739618548670307      -1.0739738956467211      -1.0739738956470848      -1.0739617969672435      -1.0739617969673489      -1.0739736640247433      -1.0739736640249937      -1.0739658715114215      -1.0739658715114118      -1.0739899639128978      -1.0739899639126642
    1.500000      -1.0603238768620813      -1.0603280666220065      -1.0603280666225487      -1.0603406363035868      -1.0603406363039951      -1.0603280044989249      -1.0603280044990304      -1.0603403877841076      -1.0603403877844091      -1.0603324159789129      -1.0603324159783449      -1.0603580360220730      -1.0603580360219074
    1.600000      -1.0482359457164487      -1.0482402736357936      -1.0482402736363992      -1.0482532578238513      -1.0482532578242998      -1.0482402082576747      -1.0482402082578848      -1.0482529962823681      -1.0482529962825209      -1.0482448267581834      -1.0482448267586151      -1.0482714733569325      -1.0482714733568095
    1.700000      -1.0377654947564512      -1.0377699238567466      -1.0377699238574514      -1.0377832116136565      -1.0377832116140575      -1.0377698562008120      -1.0377698562010576      -1.0377829409589858      -1.0377829409591475      -1.0377745318549616      -1.0377745318549985      -1.0378016475024392      -1.0378016475023277
    1.800000      -1.0288887309156651      -1.0288932276670435      -1.0288932276678540      -1.0289067183965326      -1.0289067183967981      -1.0288931586285726      -1.0288931586286933      -1.0289064422097534      -1.0289064422101215      -1.0288977397616530      -1.0288977397616903      -1.0289247715426821      -1.0289247715425880
    1.900000      -1.0215132042138384      -1.0215177403153537      -1.0215177403161446      -1.0215313491158060      -1.0215313491160460      -1.0215176706367475      -1.0215176706370035      -1.0215310703679179      -1.0215310703677634      -1.0215220223845634      -1.0215220223845782      -1.0215484829416159      -1.0215484829415111
    2.000000      -1.0154996636935867      -1.0155042170638158      -1.0155042170652904      -1.0155178776743301      -1.0155178776748113      -1.0155041472972355      -1.0155041472974891      -1.0155175985709846      -1.0155175985708003      -1.0155081660066754      -1.0155081660066727      -1.0155336795810199      -1.0155336795809191
    2.100000      -1.0106812390102413      -1.0106857938723672      -1.0106857938739184      -1.0106994589681586      -1.0106994589687059      -1.0106857243745304      -1.0106857243745850      -1.0106991809388688      -1.0106991809389463      -1.0106893446376226      -1.0106893446376477      -1.0107136684977698      -1.0107136684976599
    2.200000      -1.0068803459545645      -1.0068848922103828      -1.0068848922113935      -1.0068985314954699      -1.0068985314960233      -1.0068848231699719      -1.0068848231701664      -1.0068982552987891      -1.0068982552985035      -1.0068880170957129      -1.0068880170956884      -1.0069110375728534      -1.0069110375727301
    2.300000      -1.0039226728295545      -1.0039272049794745      -1.0039272049805317      -1.0039408019466907      -1.0039408019472424      -1.0039271364613394      -1.0039271364615583      -1.0039405278386204      -1.0039405278384652      -1.0039299072359957      -1.0039299072359935      -1.0039516173341001      -1.0039516173340177
    2.400000      -1.0016474139410669      -1.0016519298627882      -1.0016519298650957      -1.0016654781403105      -1.0016654781403074      -1.0016518618518078      -1.0016518618520915      -1.0016652060524560      -1.0016652060522455      -1.0016542346767772      -1.0016542346767812      -1.0016747033914111      -1.0016747033913294
    2.500000      -0.9999134218916741      -0.9999179217116039      -0.9999179217125240      -0.9999314216838766      -0.9999314216835220      -0.9999178541413032      -0.9999178541414857      -0.9999311513693230      -0.9999311513691453      -0.9999198672395939      -0.9999198672395821      -0.9999392093266781      -0.9999392093265869
    2.600000      -0.9986016744615349      -0.9986061596549558      -0.9986061596559879      -0.9986196157428437      -0.9986196157426170      -0.9986060924488467      -0.9986060924485995      -0.9986193468847955      -0.9986193468847238      -0.9986077897322416      -0.9986077897322254      -0.9986261410451196      -0.9986261410450068
    2.700000      -0.9976149653946083      -0.9976194381099854      -0.9976194381108177      -0.9976328567591479      -0.9976328567594748      -0.9976193711854497      -0.9976193711856629      -0.9976325890285989      -0.9976325890285516      -0.9976207970883113      -0.9976207970882838      -0.9976382971138624      -0.9976382971137143
    2.800000      -0.9968758731768046      -0.9968803357885934      -0.9968803357894962      -0.9968937241219744      -0.9968937241220397      -0.9968802690690222      -0.9968802690689327      -0.9968934572102846      -0.9968934572103718      -0.9968814653786207      -0.9968814653786224      -0.9968982463837359      -0.9968982463836031
    2.900000      -0.9963239182106094      -0.9963283730385870      -0.9963283730392480      -0.9963417380156212      -0.9963417380159907      -0.9963283064534045      -0.9963283064531736      -0.9963414716436618      -0.9963414716436705      -0.9963293106685462      -0.9963293106685096      -0.9963454919368075      -0.9963454919366457
    3.000000      -0.9959125487138387      -0.9959169978668043      -0.9959169978674538      -0.9959303458143283      -0.9959303458143127      -0.9959169313553753      -0.9959169313552565      -0.9959300797372839      -0.9959300797373007      -0.9959177760848179      -0.9959177760847948      -0.9959334616293374      -0.9959334616291862
    3.100000      -0.9956063300831092      -0.9956107753841866      -0.9956107753847631      -0.9956241117719954      -0.9956241117717471      -0.9956107088929188      -0.9956107088924607      -0.9956238457761352      -0.9956238457759808      -0.9956114218827671      -0.9956114218827578      -0.9956267003016487      -0.9956267003014844
    3.200000      -0.9953785120121955      -0.9953829549778864      -0.9953829549783785      -0.9953962843556566      -0.9953962843554026      -0.9953828884611392      -0.9953828884609545      -0.9953960182587199      -0.9953960182586182      -0.9953834929650812      -0.9953834929650432      -0.9953984384807514      -0.9953984384805933
    3.300000      -0.9952090212173860      -0.9952134630680390      -0.9952134630685335      -0.9952267890974890      -0.9952267890971004      -0.9952133964876350      -0.9952133964876041      -0.9952265227462201      -0.9952265227461580      -0.9952139117875604      -0.9952139117875144      -0.9952285858388904      -0.9952285858387332
    3.400000      -0.9950828589256429      -0.9950873006144394      -0.9950873006147833      -0.9951006261547073      -0.9951006261544706      -0.9950872339391497      -0.9950872339388972      -0.9951003594246735      -0.9951003594245853      -0.9950876759040963      -0.9950876759040499      -0.9951021289068713      -0.9951021289067212
    3.500000      -0.9949888512548052      -0.9949932935039484      -0.9949932935042917      -0.9950066207225373      -0.9950066207221709      -0.9949932267099161      -0.9949932267096283      -0.9950063535175616      -0.9950063535174268      -0.9949936083309513      -0.9949936083309295      -0.9950078813916859      -0.9950078813915454
    3.600000      -0.9949186911657111      -0.9949231345060428      -0.9949231345062801      -0.9949364649951815      -0.9949364649950820      -0.9949230675757543      -0.9949230675753777      -0.9949361972459112      -0.9949361972457851      -0.9949233994471827      -0.9949233994471522      -0.9949375259224753      -0.9949375259223487
    3.700000      -0.9948662125703860      -0.9948706573779407      -0.9948706573782169      -0.9948839922667077      -0.9948839922663217      -0.9948705903004440      -0.9948705903003554      -0.9948837239286119      -0.9948837239285400      -0.9948708810367197      -0.9948708810371394      -0.9948848878964707      -0.9948848878963625
    3.800000      -0.9948268444441705      -0.9948312909742948      -0.9948312909744744      -0.9948446310281910      -0.9948446310281497      -0.9948312237438107      -0.9948312237434472      -0.9948443620786257      -0.9948443620785127      -0.9948314803349009      -0.9948314803353339      -0.9948453893214712      -0.9948453893213712
    3.900000      -0.9947972019758656      -0.9948016503908091      -0.9948016503909712      -0.9948149960971803      -0.9948149960970204      -0.9948015830066047      -0.9948015830061722      -0.9948147265328361      -0.9948147265326807      -0.9948018111130875      -0.9948018111135620      -0.9948156397148179      -0.9948156397147344
    4.000000      -0.9947747809377542      -0.9947792313304399      -0.9947792313305858      -0.9947925829682388      -0.9947925829680132      -0.9947791637955264      -0.9947791637952922      -0.9947923128012498      -0.9947923128011463      -0.9947793679952915      -0.9947793679956328      -0.9947931302516725      -0.9947931302516005
    4.100000      -0.9947577294807968      -0.9947621818931116      -0.9947621818932550      -0.9947755395881681      -0.9947755395878393      -0.9947621142134848      -0.9947621142133183      -0.9947752688424691      -0.9947752688423088      -0.9947622982047777      -0.9947622982051747      -0.9947760053709294      -0.9947760053708687
    4.200000      -0.9947446780402426      -0.9947491324772891      -0.9947491324774153      -0.9947624962449318      -0.9947624962446290      -0.9947490646610576      -0.9947490646609393      -0.9947622249530111      -0.9947622249528579      -0.9947492314312781      -0.9947492314316412      -0.9947628925222184      -0.9947628925221642
    4.300000      -0.9947346129429908      -0.9947390693835896      -0.9947390693837073      -0.9947524391603937      -0.9947524391602138      -0.9947390014402648      -0.9947390014396018      -0.9947521673600876      -0.9947521673597397      -0.9947391534040428      -0.9947391534048067      -0.9947527756418251      -0.9947527756417802
    4.400000      -0.9947267828986476      -0.9947312413030870      -0.9947312413032044      -0.9947446169700281      -0.9947446169700379      -0.9947311732429392      -0.9947311732422101      -0.9947443447023278      -0.9947443447020231      -0.9947313123579232      -0.9947313123582630      -0.9947449015350477      -0.9947449015350039
    4.500000      -0.9947206301551549      -0.9947250904705714      -0.9947250904706858      -0.9947384718693061      -0.9947384718690208      -0.9947250223040781      -0.9947250223039602      -0.9947381991767269      -0.9947381991766845      -0.9947251501640341      -0.9947251501640278      -0.9947387109416329      -0.9947387109415923
    4.600000      -0.9947157400145802      -0.9947202021794302      -0.9947202021790792      -0.9947335891247447      -0.9947335891247605      -0.9947201339162933      -0.9947201339160167      -0.9947333160476363      -0.9947333160474326      -0.9947202518272665      -0.9947202518273800      -0.9947337879765253      -0.9947337879764871
    4.700000      -0.9947118038713215      -0.9947162678171834      -0.9947162678169147      -0.9947296601044379      -0.9947296601043950      -0.9947161994679087      -0.9947161994677242      -0.9947293866826764      -0.9947293866824579      -0.9947163085106038      -0.9947163085106575      -0.9947298231049685      -0.9947298231049367
    4.800000      -0.9947085920966129      -0.9947130577506876      -0.9947130577508009      -0.9947264551621621      -0.9947264551621097      -0.9947129893249483      -0.9947129893247467      -0.9947261814320009      -0.9947261814325782      -0.9947130904043077      -0.9947130904043727      -0.9947265859743580      -0.9947265859743321
    4.900000      -0.9947059340292934      -0.9947104013161892      -0.9947104013154697      -0.9947238036250046      -0.9947238036250843      -0.9947103328219185      -0.9947103328215410      -0.9947235296207690      -0.9947235296212376      -0.9947104267066555      -0.9947104267068672      -0.9947239053607713      -0.9947239053607366
    5.000000      -0.9947037030800250      -0.9947081719224333      -0.9947081719222155      -0.9947215788966064      -0.9947215788964823      -0.9947081033666512      -0.9947081033662750      -0.9947213046494299      -0.9947213046491750      -0.9947081907192197      -0.9947081907194701      -0.9947216542367676      -0.9947216542367467
