# molecule         = LiH
# geometry         = Li 0 0 0; H 0 0 {R:.6f}
# basis            = sadlej
# basis_source     = sadlej.gbs
# lambda           = 0.025000
# omega            = 0.006400
# mode_dir         = [1.0, 0.0, 0.0]
# scheme           = general
# offdiag          = none
# method           = QED-FCI
# nboson_max       = 20
# n_fock_states    = 21
# ff_step_h        = 0.0005
# n_field_points   = 13
# fci_tol          = 1e-11
# fci_max_cycle    = 300
# scf_conv_tol     = 1e-12
# center_geometry  = True
# frozen_core_orbitals = 1
# coherent_state   = True
# z_selfconsistent_iter = 4
# R_range_Ang      = 0.8:0.1:6.0
# R_e_ref_Ang      = 1.5957
# pyscf            = 2.11.0
# python           = 3.13.12
# host             = fedora
# date             = 2026-08-16 16:38:13
# columns          = R,mu_abs,mu_x,mu_y,mu_z,a_xx,a_yy,a_zz,a_xz,a_iso,err_xx,err_yy,err_zz,dse_mu_z,dse_a_xx,dse_a_yy,dse_a_zz,dse_a_iso,boson_gap,status
#             R         mu_abs           mu_x           mu_y           mu_z           a_xx           a_yy           a_zz           a_xz          a_iso         err_xx         err_yy         err_zz       dse_mu_z       dse_a_xx       dse_a_yy       dse_a_zz      dse_a_iso      boson_gap         status
     0.800000       1.897188      -0.000000      -0.000000      -1.897188      26.828253      27.113796      13.166199       0.000000      22.369416       0.002958       0.003174       0.002610      -1.897353      26.342949      27.098217      13.148547      22.196571       0.000000  OK
     0.900000       1.909584      -0.000000       0.000000      -1.909584      24.907528      25.160915      13.081894       0.000000      21.050112       0.002497       0.002683       0.002285      -1.909733      24.489535      25.147825      13.066952      20.901437            nan  OK
     1.000000       1.940135      -0.000000       0.000000      -1.940135      24.156409      24.397396      13.686225       0.000000      20.746676       0.002278       0.002452       0.002276      -1.940287      23.763641      24.385278      13.671904      20.606941            nan  OK
     1.100000       1.984757      -0.000000      -0.000000      -1.984757      24.117145      24.358312      14.777555       0.000000      21.084337       0.002313       0.002486       0.002564      -1.984921      23.726074      24.346461      14.762857      20.945131            nan  OK
     1.200000       2.040326      -0.000000       0.000000      -2.040326      24.557032      24.807298      16.285634       0.000000      21.883321       0.002398       0.002569       0.002965      -2.040510      24.151731      24.795018      16.269599      21.738783            nan  OK
     1.300000       2.104575      -0.000000       0.000000      -2.104575      25.359223      25.625495      18.192248       0.000000      23.058989       0.002570       0.002761       0.003598      -2.104786      24.927084      25.612357      18.174146      22.904529            nan  OK
     1.400000       2.175702      -0.000000       0.000000      -2.175702      26.463445      26.751425      20.499747       0.000000      24.571539       0.002812       0.003020       0.004505      -2.175947      25.992920      26.737010      20.478782      24.402904            nan  OK
     1.500000       2.252074      -0.000000       0.000000      -2.252074      27.826697      28.141284      23.224665       0.000000      26.397549       0.003082       0.003313       0.005752      -2.252361      27.306526      28.125142      23.199887      26.210518            nan  OK
     1.600000       2.332175      -0.000000       0.000000      -2.332175      29.409417      29.755253      26.404686       0.000000      28.523119       0.003556       0.003815       0.007632      -2.332513      28.828780      29.737219      26.375250      28.313749            nan  OK
     1.700000       2.414639      -0.000000      -0.000000      -2.414639      31.182089      31.564041      30.105673       0.000000      30.950601       0.004041       0.004335       0.010115      -2.415039      30.529673      31.543589      30.070148      30.714470            nan  OK
     1.800000       2.498196      -0.000000      -0.000000      -2.498196      33.129367      33.552759      34.422148       0.000000      33.701425       0.004624       0.004964       0.013505      -2.498670      32.393291      33.529441      34.378885      33.433872            nan  OK
     1.900000       2.581574      -0.000000      -0.000000      -2.581574      35.249489      35.720196      39.478840       0.000000      36.816175       0.005313       0.005710       0.018104      -2.582136      34.416584      35.693485      39.425731      36.511933            nan  OK
     2.000000       2.663431      -0.000000      -0.000000      -2.663431      37.550619      38.075113      45.433654       0.000000      40.353129       0.006145       0.006607       0.024358      -2.664101      36.605905      38.044427      45.368067      40.006133            nan  OK
     2.100000       2.742307      -0.000000       0.000000      -2.742307      40.048137      40.633511      52.483607       0.000000      44.388418       0.007105       0.007647       0.032805      -2.743106      38.974179      40.598125      52.402174      43.991492            nan  OK
     2.200000       2.816582      -0.000000       0.000000      -2.816582      42.762833      43.416789      60.872504       0.000000      49.017375       0.008230       0.008877       0.044180      -2.817538      41.539208      43.375901      60.771087      48.562065            nan  OK
     2.300000       2.884443      -0.000000       0.000000      -2.884443      45.720176      46.451025      70.899740       0.000000      54.356980       0.009561       0.010321       0.059312      -2.885588      44.322809      46.403711      70.773245      53.833255            nan  OK
     2.400000       2.943852       0.000000      -0.000000      -2.943852      48.950033      49.766534      82.927905       0.000000      60.548157       0.011122       0.011996       0.079043      -2.945223      47.350373      49.711729      82.770131      59.944078            nan  OK
     2.500000       2.992512      -0.000000       0.000000      -2.992512      52.486417      53.397546      97.385758       0.000000      67.756574       0.012877       0.013890       0.104189      -2.994154      50.650518      53.334004      97.189670      67.058064            nan  OK
     2.600000       3.027858       0.000000      -0.000000      -3.027858      56.366614      57.381186     114.762166       0.000000      76.169989       0.015034       0.016186       0.134995      -3.029823      54.254507      57.307836     114.520358      75.360900            nan  OK
     2.700000       3.047059       0.000000      -0.000000      -3.047059      60.630851      61.756907     135.583020       0.000000      85.990259       0.017522       0.018816       0.170121      -3.049403      58.195106      61.672494     135.288268      85.051956            nan  OK
     2.800000       3.047059       0.000000      -0.000000      -3.047059      65.319877      66.563818     160.359065       0.000000      97.414254       0.020161       0.021596       0.205388      -3.049844      62.504503      66.466839     160.005750      96.325697            nan  OK
     2.900000       3.024689       0.000000      -0.000000      -3.024689      70.470289      71.835723     189.490691       0.000000     110.598901       0.023214       0.024770       0.232711      -3.027975      67.210863      71.725353     189.078179     109.338132            nan  OK
     3.000000       2.976867       0.000000      -0.000000      -2.976867      76.110195      77.596480     223.121068       0.000000     125.609248       0.026515       0.028162       0.237959      -2.980710      72.333139      77.472122     222.656955     124.154072            nan  OK
     3.100000       2.900934       0.000000      -0.000000      -2.900934      82.250377      83.851019     260.933937       0.000000     142.345111       0.029818       0.031508       0.201581      -2.905371      77.873980      83.712574     260.438675     140.675076            nan  OK
     3.200000       2.795112      -0.000000      -0.000000      -2.795112      88.873881      90.575055     301.927350       0.000000     160.458762       0.032961       0.034635       0.103300      -2.800152      83.811174      90.423452     301.438310     158.557645            nan  OK
     3.300000       2.659066      -0.000000      -0.000000      -2.659066      95.925661      97.705330     344.238893       0.000000     179.289961       0.035717       0.037273       0.067666      -2.664674      90.089105      97.542729     343.811559     177.147798            nan  OK
     3.400000       2.494451      -0.000000      -0.000000      -2.494451     103.304688     105.132647     385.141311       0.000000     197.859548       0.037728       0.039129       0.298196      -2.500539      96.612908     104.962565     384.844507     195.473327            nan  OK
     3.500000       2.305250      -0.000000       0.000000      -2.305250     110.862579     112.702307     421.328279       0.000000     214.964388       0.038735       0.039925       0.541412      -2.311673     103.248847     112.529454     421.232054     212.336785            nan  OK
     3.600000       2.097716      -0.000000      -0.000000      -2.097716     118.413205     120.225085     449.516455       0.000000     229.384915       0.038478       0.039462       0.723791      -2.104285     109.833719     120.054849     449.674311     226.520960            nan  OK
     3.700000       1.879782      -0.000000      -0.000000      -1.879782     125.752889     127.498573     467.211069       0.000000     240.154177       0.036926       0.037747       0.772831      -1.886284     116.193293     127.336414     467.643622     237.057776            nan  OK
     3.800000       1.660040      -0.000000      -0.000000      -1.660040     132.687966     134.334640     473.333485       0.000000     246.785363       0.034147       0.034921       0.652459      -1.666271     122.165749     134.185251     474.020896     243.457299            nan  OK
     3.900000       1.446561      -0.000000       0.000000      -1.446561     139.060709     140.584369     468.426990       0.000000     249.357356       0.030487       0.031280       0.381617      -1.452352     127.623242     140.451149     469.314399     245.796264            nan  OK
     4.000000       1.245913      -0.000000       0.000000      -1.245913     144.767005     146.153490     454.369981       0.000000     248.430159       0.026204       0.027220       0.023485      -1.251148     132.485189     146.038346     455.382849     244.635461            nan  OK
     4.100000       1.062627      -0.000000      -0.000000      -1.062627     149.760396     151.005286     433.773788       0.000000     244.846490       0.021774       0.023024       0.344684      -1.067247     136.720606     150.908568     434.835512     240.821562            nan  OK
     4.200000       0.899140       0.000000       0.000000      -0.899140     154.045745     155.152231     409.346599       0.000000     239.514858       0.017469       0.019028       0.660606      -0.903138     140.341168     155.073258     410.392283     235.268903            nan  OK
     4.300000       0.756103       0.000000       0.000000      -0.756103     157.665839     158.642589     383.435285       0.000000     233.247904       0.013464       0.015331       0.890448      -0.759507     143.389252     158.579805     384.418167     228.795742            nan  OK
     4.400000       0.632850       0.000000       0.000000      -0.632850     160.686505     161.545342     357.808495       0.000000     226.680114       0.009872       0.012054       1.027543      -0.635713     145.925211     161.496857     358.700581     222.040883            nan  OK
     4.500000       0.527884       0.000000       0.000000      -0.527884     163.183836     163.937986     333.636655       0.000000     220.252826       0.006776       0.009245       1.082895      -0.530269     148.016691     163.901842     334.425391     215.447975            nan  OK
     4.600000       0.439278      -0.000000       0.000000      -0.439278     165.235138     165.897874     311.582884       0.000000     214.238632       0.004109       0.006853       1.075627      -0.441253     149.731038     165.872158     312.266986     209.290061            nan  OK
     4.700000       0.364969      -0.000000      -0.000000      -0.364969     166.912791     167.496703     291.933201       0.000000     208.780898       0.001878       0.004855       1.025742      -0.366597     151.130715     167.479670     292.518531     203.709639            nan  OK
     4.800000       0.302942      -0.000000       0.000000      -0.302942     168.281519     168.797965     274.721517       0.000000     203.933667       0.000006       0.003208       0.950033      -0.304280     152.270976     168.788132     275.217343     198.758817            nan  OK
     4.900000       0.251337      -0.000000       0.000000      -0.251337     169.397070     169.856172     259.828246       0.000000     199.693830       0.001543       0.001839       0.861728      -0.252436     153.199229     169.852250     260.245673     194.432384            nan  OK
     5.000000       0.208498      -0.000000      -0.000000      -0.208498     170.306566     170.717048     247.053199       0.000000     196.025605       0.002822       0.000700       0.769752      -0.209401     153.955276     170.717936     247.403296     190.692169            nan  OK
     5.100000       0.172988      -0.000000       0.000000      -0.172988     171.049008     171.418282     236.162398       0.000000     192.876563       0.003874       0.000211       0.679997      -0.173732     154.571965     171.423170     236.455623     187.483586            nan  OK
     5.200000       0.143578      -0.000000       0.000000      -0.143578     171.656393     171.990802     226.917607       0.000000     190.188267       0.004733       0.000976       0.595872      -0.144191     155.076155     171.998957     227.163347     184.746153            nan  OK
     5.300000       0.119231      -0.000000       0.000000      -0.119231     172.154760     172.459589     219.092767       0.000000     187.902372       0.005444       0.001591       0.519046      -0.119738     155.489629     172.470455     219.299134     182.419739            nan  OK
     5.400000       0.099077      -0.000000       0.000000      -0.099077     172.565106     172.844837     212.482116       0.000000     185.964020       0.006007       0.002100       0.450171      -0.099498     155.829967     172.857956     212.656060     180.447994            nan  OK
     5.500000       0.082392      -0.000000       0.000000      -0.082392     172.904454     173.162796     206.903451       0.000000     184.323567       0.006493       0.002524       0.389202      -0.082743     156.111304     173.177774     207.050770     178.779950            nan  OK
     5.600000       0.068575      -0.000000      -0.000000      -0.068575     173.186401     173.426464     202.198276       0.000000     182.937047       0.006909       0.002885       0.335696      -0.068870     156.344981     173.442989     202.323777     177.370582            nan  OK
     5.700000       0.057129      -0.000000      -0.000000      -0.057129     173.421690     173.646100     198.230154       0.000000     181.765982       0.007159       0.003096       0.289167      -0.057378     156.540083     173.664073     198.338009     176.180722            nan  OK
     5.800000       0.047643      -0.000000      -0.000000      -0.047643     173.619402     173.830337     194.883314       0.000000     180.777685       0.007457       0.003353       0.248725      -0.047854     156.703888     173.849404     194.976662     175.176651            nan  OK
     5.900000       0.039777      -0.000000       0.000000      -0.039777     173.786523     173.985836     192.059393       0.000000     179.943917       0.007787       0.003654       0.213668      -0.039958     156.842221     174.005691     192.140789     174.329567            nan  OK
     6.000000       0.033252      -0.000000      -0.000000      -0.033252     173.928244     174.117490     189.674957       0.000000     179.240230       0.007905       0.003742       0.183583      -0.033408     156.959747     174.138298     189.746909     173.614985       0.000000  OK
