# molecule         = LiH
# geometry         = Li 0 0 0; H 0 0 {R:.6f}
# basis            = sadlej
# basis_source     = sadlej.gbs
# lambda           = 0.025000
# omega            = 0.006400
# mode_dir         = [0.0, 0.0, 1.0]
# scheme           = axial
# offdiag          = none
# method           = QED-FCI
# nboson_max       = 20
# n_fock_states    = 21
# ff_step_h        = 0.0005
# n_field_points   = 9
# fci_tol          = 1e-11
# fci_max_cycle    = 300
# scf_conv_tol     = 1e-12
# center_geometry  = True
# frozen_core_orbitals = 1
# coherent_state   = True
# z_selfconsistent_iter = 4
# R_range_Ang      = 0.8:0.1:6.0
# R_e_ref_Ang      = 1.5957
# pyscf            = 2.11.0
# python           = 3.13.12
# host             = fedora
# date             = 2026-08-14 10:39:57
# columns          = R,fci[0],fci[+z],fci[-z],fci[+2z],fci[-2z],fci[+x],fci[-x],fci[+2x],fci[-2x]
    0.800000      -7.7752956600709373      -7.7743497285167908      -7.7762448438678362      -7.7734070600972469      -7.7771972714179594      -7.7752990450970367      -7.7752990450962027      -7.7753092017897565      -7.7753092017891925
    0.900000      -7.8608922414135884      -7.8599399256873310      -7.8618477896405476      -7.8589908539151550      -7.8628065609864510      -7.8608953825311918      -7.8608953825306083      -7.8609048072383327      -7.8609048072380254
    1.000000      -7.9196771126883618      -7.9187094525557216      -7.9206481536117437      -7.9177451880115743      -7.9216225626099792      -7.9196801579337404      -7.9196801579346774      -7.9196892949270072      -7.9196892949268340
    1.100000      -7.9594790768120154      -7.9584891187428504      -7.9604726835238102      -7.9575028291259891      -7.9614699213463700      -7.9594821164506113      -7.9594821164514258      -7.9594912366072563      -7.9594912366071675
    1.200000      -7.9857892334272114      -7.9847715467445406      -7.9868109385604003      -7.9837579050504690      -7.9878366382450006      -7.9857923282747914      -7.9857923282756840      -7.9858016141031403      -7.9858016141030648
    1.300000      -8.0024889817964784      -8.0014392300590078      -8.0035432176477652      -8.0003939978864071      -8.0046019053591255      -8.0024921779345846      -8.0024921779341796      -8.0025017677214620      -8.0025017677213821
    1.400000      -8.0123431106221528      -8.0112578360027165      -8.0134334292128457      -8.0101776525332280      -8.0145287485953620      -8.0123464464418301      -8.0123464464413594      -8.0123564554067706      -8.0123564554066888
    1.500000      -8.0173353503551965      -8.0162119067613169      -8.0184644945272172      -8.0150942262911578      -8.0195992818651707      -8.0173388586277241      -8.0173388586271344      -8.0173493851240547      -8.0173493851239499
    1.600000      -8.0188931125108898      -8.0177296046656075      -8.0200630828018511      -8.0165726419154257      -8.0212394395752646      -8.0188968208763569      -8.0188968208755291      -8.0189079478646317      -8.0189079478644434
    1.700000      -8.0180429180167483      -8.0168381195423688      -8.0192550612026459      -8.0156407747521534      -8.0204744489369730      -8.0180468502447582      -8.0180468502451419      -8.0180586490787018      -8.0180586490806434
    1.800000      -8.0155234760974032      -8.0142767806772195      -8.0167785406522789      -8.0130385978508283      -8.0180418425794144      -8.0155276539700751      -8.0155276539706453      -8.0155401900462095      -8.0155401900488155
    1.900000      -8.0118681257747522      -8.0105795478459498      -8.0131662679806599      -8.0093007228617896      -8.0144738014137378      -8.0118725707875420      -8.0118725707870784      -8.0118859086520668      -8.0118859086524097
    2.000000      -8.0074635400267624      -8.0061337502705570      -8.0088042961340076      -8.0048151748825607      -8.0101557915434416      -8.0074682746396384      -8.0074682746389261      -8.0074824817366945      -8.0074824817369361
    2.100000      -8.0025909985195209      -8.0012213827889980      -8.0039732350967867      -7.9998647139449570      -8.0053677947487838      -8.0025960470516218      -8.0025960470506643      -8.0026111964165594      -8.0026111964211406
    2.200000      -7.9974555141889283      -7.9960482532383459      -7.9988773600160989      -7.9946560059054974      -8.0003134002127361      -7.9974609035118442      -7.9974609035109117      -7.9974770758610472      -7.9974770758630100
    2.300000      -7.9922066580395832      -7.9907648292890956      -7.9936654169651700      -7.9893404947073776      -7.9951405938803788      -7.9922124181949910      -7.9922124181960461      -7.9922297037723320      -7.9922297037625611
    2.400000      -7.9869536676935455      -7.9854813713618276      -7.9884457105905087      -7.9840295635041905      -7.9899568283592481      -7.9869598324933486      -7.9869598324987212      -7.9869783328672090      -7.9869783328511552
    2.500000      -7.9817765357581720      -7.9802790481514077      -7.9832971690211965      -7.9788056812613428      -7.9848400677250622      -7.9817831434585198      -7.9817831434576769      -7.9818029734872589      -7.9818029734705203
    2.600000      -7.9767342092619584      -7.9752181656076706      -7.9782775168779585      -7.9737306641941395      -7.9798469373692686      -7.9767413032154897      -7.9767413032138395      -7.9767625931506849      -7.9767625931488686
    2.700000      -7.9718706827166326      -7.9703442893697778      -7.9734293402776579      -7.9688518273297122      -7.9750187630133844      -7.9718783121150043      -7.9718783121128727      -7.9719012097266768      -7.9719012097257833
    2.800000      -7.9672195413996256      -7.9656928096226807      -7.9687846048700059      -7.9642065636302970      -7.9703860624784468      -7.9672277619290197      -7.9672277619240210      -7.9672524344529085      -7.9672524344514120
    2.900000      -7.9628073481653985      -7.9612923262078334      -7.9643680305723334      -7.9598257049685834      -7.9659719004745657      -7.9628162224253742      -7.9628162224184900      -7.9628428578404522      -7.9628428578417516
    3.000000      -7.9586561332200914      -7.9571670839552731      -7.9601996024950159      -7.9557358538788261      -7.9617943990938764      -7.9586657305997042      -7.9586657305910276      -7.9586945372684372      -7.9586945372674718
    3.100000      -7.9547851213873635      -7.9533385454124303      -7.9562963870655121      -7.9519607105197014      -7.9578685971689520      -7.9547955169263300      -7.9547955169178381      -7.9548267200556113      -7.9548267200541920
    3.200000      -7.9512117058410432      -7.9498260455812080      -7.9526737140842574      -7.9485212676178119      -7.9542077580503801      -7.9512229772323462      -7.9512229772229013      -7.9512568098882781      -7.9512568098902516
    3.300000      -7.9479515594814147      -7.9466463645182719      -7.9493456760193482      -7.9454346809148406      -7.9508241303274110      -7.9479637813853632      -7.9479637813665018      -7.9480004673029034      -7.9480004673027178
    3.400000      -7.9450177176485743      -7.9438120765210858      -7.9463248070653334      -7.9427117998070331      -7.9477290740883220      -7.9450309526318250      -7.9450309526082163      -7.9450706790469496      -7.9450706790472223
    3.500000      -7.9424185806530145      -7.9413288422891037      -7.9436208029138244      -7.9403539123925020      -7.9449324077854158      -7.9424328674316289      -7.9424328674069598      -7.9424757497341920      -7.9424757497352800
    3.600000      -7.9401551913585564      -7.9391924478919815      -7.9412383405809450      -7.9383500523981994      -7.9424408846640011      -7.9401705331251682      -7.9401705330995380      -7.9402165798731863      -7.9402165798804276
    3.700000      -7.9382187619319184      -7.9373870039194578      -7.9391745189211731      -7.9366765127177343      -7.9402559708093854      -7.9382351195402361      -7.9382351195185006      -7.9382842122862050      -7.9382842122951311
    3.800000      -7.9365897702138444      -7.9358855703191242      -7.9374169663181160      -7.9352993129874800      -7.9383715655686284      -7.9366070644352824      -7.9366070644165498      -7.9366589646842804      -7.9366589646936845
    3.900000      -7.9352394349941164      -7.9346532961723382      -7.9359437304981828      -7.9341787400841977      -7.9367726928560298      -7.9352575577797380      -7.9352575577664473      -7.9353119409702089      -7.9353119409759731
    4.000000      -7.9341331534948774      -7.9336518257682096      -7.9347253208166784      -7.9332741349480322      -7.9354360193408144      -7.9341519836633694      -7.9341519836549983      -7.9342084862018218      -7.9342084862068418
    4.100000      -7.9332345412810099      -7.9328433537187406      -7.9337281635265109      -7.9325474829873768      -7.9343322095572182      -7.9332539588398072      -7.9332539588328972      -7.9333122209422227      -7.9333122209461253
    4.200000      -7.9325087669291312      -7.9321933624806684      -7.9329181706166478      -7.9319653704935984      -7.9334292186308426      -7.9325286625836320      -7.9325286625792115      -7.9325883568399629      -7.9325883568427402
    4.300000      -7.9319245972501413      -7.9316719353526342      -7.9322634314143023      -7.9314996023274356      -7.9326953733525718      -7.9319448770495047      -7.9319448770468286      -7.9320057218437565      -7.9320057218059672
    4.400000      -7.9314552437904426      -7.9312540186552001      -7.9317357200642578      -7.9311269985261426      -7.9321015249423477      -7.9314758298210934      -7.9314758298198500      -7.9315375917661859      -7.9315375917443660
    4.500000      -7.9310783930166524      -7.9309190849943683      -7.9313110124811654      -7.9308288038188470      -7.9316221520183214      -7.9310992222183820      -7.9310992222183554      -7.9311617124466514      -7.9311617124311038
    4.600000      -7.9307758018139056      -7.9306505390938726      -7.9309693719346930      -7.9305899831025259      -7.9312356516933153      -7.9307968239078379      -7.9307968239086684      -7.9308598918117017      -7.9308598918033670
    4.700000      -7.9305327237372589      -7.9304350680908389      -7.9306945178254145      -7.9303985430751354      -7.9309241397082566      -7.9305538989591255      -7.9305538989603992      -7.9306174254320636      -7.9306174254411204
    4.800000      -7.9303373168588926      -7.9302620360217988      -7.9304732852579303      -7.9302449381736508      -7.9306730180919889      -7.9303586139247422      -7.9303586139260611      -7.9304225053417490      -7.9304225053490418
    4.900000      -7.9301801045353368      -7.9301229608905910      -7.9302950889809543      -7.9301215753160585      -7.9304704737561318      -7.9302014988851131      -7.9302014988899350      -7.9302656816775912      -7.9302656816829904
    5.000000      -7.9300535142436352      -7.9300110810906075      -7.9301514431184472      -7.9300224120186975      -7.9303069946903832      -7.9300749865878286      -7.9300749866032119      -7.9301394030143939      -7.9301394030179742
    5.100000      -7.9299514965989450      -7.9299210040673600      -7.9300355533113409      -7.9299426351313098      -7.9301749416065608      -7.9299730318073021      -7.9299730318168322      -7.9300376364854639      -7.9300376364871159
    5.200000      -7.9298692168021008      -7.9298484252180819      -7.9299419805371869      -7.9298784060534642      -7.9300681858291613      -7.9298908029571518      -7.9298908029629311      -7.9299555601976230      -7.9299555601975626
    5.300000      -7.9298028074852107      -7.9297899044985005      -7.9298663687831876      -7.9298266593039139      -7.9299818111753764      -7.9298244351852709      -7.9298244351880021      -7.9298893168466966      -7.9298893168451592
    5.400000      -7.9297491717840511      -7.9297426893711105      -7.9298052265331389      -7.9297849435586549      -7.9299118723150324      -7.9297708336047528      -7.9297708336059651      -7.9298358174396339      -7.9298358174368779
    5.500000      -7.9297058269994709      -7.9297045746716206      -7.9297557523624098      -7.9297512960769065      -7.9298552005119030      -7.9297275170463584      -7.9297275170466328      -7.9297925854094951      -7.9297925854057425
    5.600000      -7.9296707803316151      -7.9296737915720703      -7.9297156960407325      -7.9297241433558883      -7.9298092482747045      -7.9296924939854474      -7.9296924939852618      -7.9297576328313628      -7.9297576328270196
    5.700000      -7.9296424306405724      -7.9296489195753548      -7.9296832480236024      -7.9297022224690146      -7.9297719653797492      -7.9296641640375531      -7.9296641640376917      -7.9297293621399048      -7.9297293621413196
    5.800000      -7.9296194896349768      -7.9296288167702924      -7.9296569516593829      -7.9296845187254172      -7.9297417000954917      -7.9296412397657940      -7.9296412397648401      -7.9297064881045332      -7.9297064881046690
    5.900000      -7.9296009194086574      -7.9296125636133850      -7.9296356323997381      -7.9296702156232479      -7.9297171196546454      -7.9296226839283577      -7.9296226839287529      -7.9296879752314675      -7.9296879752297018
    6.000000      -7.9295858837728330      -7.9295994198105229      -7.9296183432258269      -7.9296586560877325      -7.9296971484909466      -7.9296076606166119      -7.9296076606158783      -7.9296729889630200      -7.9296729889597364
