# molecule         = LiH
# geometry         = Li 0 0 0; H 0 0 {R:.6f}
# basis            = sadlej
# basis_source     = sadlej.gbs
# lambda           = 0.025000
# omega            = 0.006400
# mode_dir         = [1.0, 0.0, 0.0]
# scheme           = general
# offdiag          = none
# method           = QED-FCI
# nboson_max       = 20
# n_fock_states    = 21
# ff_step_h        = 0.0005
# n_field_points   = 13
# fci_tol          = 1e-11
# fci_max_cycle    = 300
# scf_conv_tol     = 1e-12
# center_geometry  = True
# frozen_core_orbitals = 1
# coherent_state   = True
# z_selfconsistent_iter = 4
# R_range_Ang      = 0.8:0.1:6.0
# R_e_ref_Ang      = 1.5957
# pyscf            = 2.11.0
# python           = 3.13.12
# host             = fedora
# date             = 2026-08-16 16:38:13
# columns          = R,fci[0],fci[+x],fci[-x],fci[+2x],fci[-2x],fci[+y],fci[-y],fci[+2y],fci[-2y],fci[+z],fci[-z],fci[+2z],fci[-2z]
    0.800000      -7.7750404493384906      -7.7750438029931930      -7.7750438029934914      -7.7750538654376049      -7.7750538654360524      -7.7750438386952272      -7.7750438386953018      -7.7750540083527877      -7.7750540083521065      -7.7740935032168927      -7.7759906872273383      -7.7731498619740034      -7.7769442063815450
    0.900000      -7.8606651321219658      -7.8606682456668429      -7.8606682456670480      -7.8606775875500201      -7.8606775875503665      -7.8606682773481671      -7.8606682773480827      -7.8606777143683377      -7.8606777143679514      -7.8597119777096136      -7.8616215571981227      -7.8587621075852523      -7.8625812415989422
    1.000000      -7.9194762208225491      -7.9194792404685028      -7.9194792404686423      -7.9194883005456624      -7.9194883005458765      -7.9194792705992105      -7.9194792705991741      -7.9194884211553163      -7.9194884211550542      -7.9185078666704189      -7.9204479967205916      -7.9175429514856770      -7.9214231794192180
    1.100000      -7.9593055841686180      -7.9593085989080290      -7.9593085989081658      -7.9593176442829536      -7.9593176442830149      -7.9593086290612325      -7.9593086290612138      -7.9593177649820372      -7.9593177649818330      -7.9583150567131309      -7.9602998062265318      -7.9573282465798005      -7.9612977027315273
    1.200000      -7.9856459916173277      -7.9856490613451276      -7.9856490613473987      -7.9856582717322135      -7.9856582717322446      -7.9856490926366250      -7.9856490926365442      -7.9856583969790744      -7.9856583969788453      -7.9846278694195822      -7.9866681854707355      -7.9836138489455601      -7.9876944238768512
    1.300000      -8.0023781184428309      -8.0023812884527263      -8.0023812884528827      -8.0023907997675696      -8.0023907997675696      -8.0023813217447337      -8.0023813217446413      -8.0023909330308740      -8.0023909330306342      -8.0013281115803139      -8.0034326736671275      -8.0002826929294244      -8.0044917410010310
    1.400000      -8.0122638936381438      -8.0122672016858516      -8.0122672016860488      -8.0122771272354623      -8.0122771272354214      -8.0122672376922228      -8.0122672376921233      -8.0122772713645372      -8.0122772713642672      -8.0111786137581529      -8.0133542988303876      -8.0100985120466763      -8.0144497809835542
    1.500000      -8.0172849368226196      -8.0172884152880943      -8.0172884152883022      -8.0172988522261068      -8.0172988522260020      -8.0172884546212426      -8.0172884546210987      -8.0172990096736125      -8.0172990096732875      -8.0161618145000002      -8.0184138657907109      -8.0150445689016880      -8.0195485370775295
    1.600000      -8.0188692369450525      -8.0188729132702061      -8.0188729132704530      -8.0188839440247044      -8.0188839440231323      -8.0188729565107231      -8.0188729565105525      -8.0188841171150962      -8.0188841171146628      -8.0177064652774384      -8.0200386104203005      -8.0165503883102094      -8.0212145004427633
    1.700000      -8.0180454018221035      -8.0180492997514730      -8.0180492997517661      -8.0180609955615054      -8.0180609955595035      -8.0180493475076542      -8.0180493475081551      -8.0180611867329805      -8.0180611867323730      -8.0168418653491695      -8.0192564655561398      -8.0156459790299941      -8.0204749437737508
    1.800000      -8.0155541390164622      -8.0155582803798762      -8.0155582803802190      -8.0155707067842350      -8.0155707067816095      -8.0155583333178111      -8.0155583333184737      -8.0155709187055155      -8.0155709187046416      -8.0143093701373225      -8.0168075145581135      -8.0130733702499235      -8.0180693479379670
    1.900000      -8.0119302093132028      -8.0119346157205555      -8.0119346157209037      -8.0119478376015678      -8.0119478375980702      -8.0119346745751798      -8.0119346745761213      -8.0119480732175141      -8.0119480732187291      -8.0106443920105175      -8.0132258978346389      -8.0093686600263698      -8.0145312615794442
    2.000000      -8.0075612453664604      -8.0075659394497407      -8.0075659394500978      -8.0075800247735511      -8.0075800247725013      -8.0075660050301511      -8.0075660050316682      -8.0075802873267481      -8.0075802873284232      -8.0062352549334186      -8.0088985962427994      -8.0049209069718525      -8.0102470498919676
    2.100000      -8.0027292287199554      -8.0027342350318573      -8.0027342350344242      -8.0027492575258243      -8.0027492575242807      -8.0027343082275113      -8.0027343082274189      -8.0027495505737498      -8.0027495505735615      -8.0013646962812821      -8.0041068847941332      -8.0000136585367461      -8.0054973262505538
    2.200000      -7.9976397668175006      -7.9976451125146690      -7.9976451125143893      -7.9976611537229489      -7.9976611537179192      -7.9976451942860267      -7.9976451942858802      -7.9976614811301001      -7.9976614811297839      -7.9962391644190323      -7.9990555910235894      -7.9948542713809356      -8.0004861936649441
    2.300000      -7.9924430054583917      -7.9924487208789250      -7.9924487208785857      -7.9924658719241330      -7.9924658719166404      -7.9924488122667476      -7.9924488122663462      -7.9924662378511417      -7.9924662378516205      -7.9910097503114423      -7.9938939904831150      -7.9895948643905479      -7.9953621253493328
    2.400000      -7.9872487723528458      -7.9872548915706965      -7.9872548915701724      -7.9872732547812895      -7.9872732547871106      -7.9872549936692208      -7.9872549936695005      -7.9872736636162927      -7.9872736636171666      -7.9857873485163831      -7.9887309347525619      -7.9843474989885541      -7.9902330790129401
    2.500000      -7.9821376528639574      -7.9821442142020285      -7.9821442142031200      -7.9821639046527633      -7.9821639046613502      -7.9821443281366671      -7.9821443281352087      -7.9821643608967214      -7.9821643608965918      -7.9806537469591321      -7.9836459138908058      -7.9791952831194326      -7.9851775472856907
    2.600000      -7.9771691272753840      -7.9771761737297098      -7.9771761737273614      -7.9771973206011602      -7.9771973206085187      -7.9771763005971206      -7.9771763005989715      -7.9771978286590066      -7.9771978286587615      -7.9756697714582616      -7.9786971848836412      -7.9742005200091821      -7.9802526767013715
    2.700000      -7.9723875441095755      -7.9723951236978436      -7.9723951236942323      -7.9724178712152192      -7.9724178712175391      -7.9723952645056277      -7.9723952645083074      -7.9724184351074916      -7.9724184351069818      -7.9708812533674438      -7.9739277447834880      -7.9694106610904871      -7.9755002369770462
    2.800000      -7.9678264737122610      -7.9678346395395856      -7.9678346395342139      -7.9678591470909446      -7.9678591470914730      -7.9678347950870956      -7.9678347950916848      -7.9678597700183325      -7.9678597700189844      -7.9663233540307168      -7.9693697002757684      -7.9648625828613175      -7.9709509974787771
    2.900000      -7.9635118226927064      -7.9635206324488230      -7.9635206324431813      -7.9635470733121680      -7.9635470733131388      -7.9635208031875004      -7.9635208031928775      -7.9635477570671744      -7.9635477570682056      -7.9620236119890029      -7.9650474254618659      -7.9605855351590691      -7.9666279111993230
    3.000000      -7.9594639664211595      -7.9594734813047747      -7.9594734812960048      -7.9595020391959626      -7.9595020391956037      -7.9594736671503892      -7.9594736671587532      -7.9595027834357275      -7.9595027834355569      -7.9580039532500875      -7.9609797796891311      -7.9566029818100290      -7.9625483893793421
    3.100000      -7.9556990655527029      -7.9557093480947092      -7.9557093480897096      -7.9557402106199930      -7.9557402106193207      -7.9557095482396933      -7.9557095482461921      -7.9557410120679455      -7.9557410120676844      -7.9542818162389866      -7.9571815651491660      -7.9529334744572022      -7.9587258593605270
    3.200000      -7.9522296728164434      -7.9522407834230027      -7.9522407834269346      -7.9522741317308592      -7.9522741317316417      -7.9522409961406142      -7.9522409961424199      -7.9522749834347373      -7.9522749834342310      -7.9508704979142237      -7.9536643381644154      -7.9495906808821779      -7.9551707298337808
    3.300000      -7.9490647203542482      -7.9490767125473738      -7.9490767125527375      -7.9491127069964582      -7.9491127069959822      -7.9490769350730250      -7.9490769350739772      -7.9491135978673011      -7.9491135978677798      -7.9477788414772590      -7.9504366533157116      -7.9465827465028429      -7.9518908428773862
    3.400000      -7.9462090136308330      -7.9462219282868398      -7.9462219282908402      -7.9462606911275087      -7.9462606911266542      -7.9462221568412943      -7.9462221568427722      -7.9462616060396849      -7.9462616060403839      -7.9450104634951684      -7.9475038242445031      -7.9439112948453880      -7.9488914761323803
    3.500000      -7.9436624417120685      -7.9436763011448948      -7.9436763011520695      -7.9437178988249766      -7.9437178988259163      -7.9436765311639119      -7.9436765311639599      -7.9437188194817470      -7.9437188194826378      -7.9425628373592358      -7.9448673330168553      -7.9415705126108698      -7.9461749772090071
    3.600000      -7.9414192108890047      -7.9414340141378990      -7.9414340141479212      -7.9414784431429393      -7.9414784431444758      -7.9414342406685980      -7.9414342406690430      -7.9414793497384890      -7.9414793497397485      -7.9404266420963117      -7.9425240984794456      -7.9395468092742192      -7.9437401639037208
    3.700000      -7.9394674529463032      -7.9394831735892675      -7.9394831736028006      -7.9395303540083484      -7.9395303540076085      -7.9394833918402554      -7.9394833918412155      -7.9395312273969205      -7.9395312273980609      -7.9385857604370509      -7.9404658838201350      -7.9378193963108332      -7.9415816902087526
    3.800000      -7.9377894851131003      -7.9378060725262465      -7.9378060725369055      -7.9378558518600686      -7.9378558518608004      -7.9378062783973711      -7.9378062783988899      -7.9378566757139994      -7.9378566757135314      -7.9370181215640567      -7.9386791276616906      -7.9363618128472861      -7.9396896209178429
    3.900000      -7.9363627999095190      -7.9363801837609707      -7.9363801837758787      -7.9364323505881105      -7.9364323505892411      -7.9363803742591319      -7.9363803742587997      -7.9364331129478112      -7.9364331129470989      -7.9356972928444511      -7.9371453819205922      -7.9351440845283019      -7.9380494334573752
    4.000000      -7.9351616196195751      -7.9351797165860649      -7.9351797165880491      -7.9352340205908600      -7.9352340205921559      -7.9351798899402359      -7.9351798899396924      -7.9352347145115747      -7.9352347145103961      -7.9345944766891172      -7.9358423530881357      -7.9341350217960676      -7.9366425561109315
    4.100000      -7.9341586830615620      -7.9341774040172366      -7.9341774040194029      -7.9342335777759798      -7.9342335777754265      -7.9341775596815296      -7.9341775596818414      -7.9342342010544424      -7.9342342010537408      -7.9336804853421992      -7.9347453529515093      -7.9333042095324409      -7.9354473899569458
    4.200000      -7.9333269130774831      -7.9333461695235972      -7.9333461695232685      -7.9334039475963198      -7.9334039475953295      -7.9333463078997175      -7.9333463078986348      -7.9334045018785098      -7.9334045018778747      -7.9329273572783769      -7.9338288605768454      -7.9326234342971080      -7.9344406192649997
    4.300000      -7.9326407194927073      -7.9326604282837536      -7.9326604282834463      -7.9327195613881578      -7.9327195613885726      -7.9326605504550729      -7.9326605504551368      -7.9327200510066485      -7.9327200510087081      -7.9323094567849983      -7.9330679152256822      -7.9320675063385222      -7.9335985551956920
    4.400000      -7.9320768442511058      -7.9320969304758124      -7.9320969304752786      -7.9321571940845148      -7.9321571940851294      -7.9320970379210802      -7.9320970379212650      -7.9321576249575871      -7.9321576249592649      -7.9318040618888332      -7.9324391643657313      -7.9316145738486643      -7.9328982932061294
    4.500000      -7.9316147791475080      -7.9316351774097029      -7.9316351774090847      -7.9316963755827397      -7.9316963755832743      -7.9316352717818095      -7.9316352717802054      -7.9316967543036672      -7.9316967543047250      -7.9313915424915402      -7.9319215152085194      -7.9312460804465310      -7.9323185583636651
    4.600000      -7.9312368532135054      -7.9312575077758041      -7.9312575077781622      -7.9313194735217323      -7.9313194735223220      -7.9312575907339369      -7.9312575907327769      -7.9313198067191681      -7.9313198067199462      -7.9310552600971116      -7.9314964316864121      -7.9309465107717161      -7.9318402127080239
    4.700000      -7.9309281013311912      -7.9309489655082679      -7.9309489655083096      -7.9310115589786525      -7.9310115589789643      -7.9309490386214083      -7.9309490386213142      -7.9310118529198741      -7.9310118529186866      -7.9307813076321052      -7.9311479638089253      -7.9307030349771139      -7.9314464685413748
    4.800000      -7.9306760105380310      -7.9306970457275954      -7.9306970457278521      -7.9307601512937866      -7.9307601512941970      -7.9306971104189987      -7.9306971104156014      -7.9307604116582606      -7.9307604116595858      -7.9305581772672396      -7.9308626033575464      -7.9305051258191792      -7.9311228834844147
    4.900000      -7.9304702146165544      -7.9304913891859057      -7.9304913891862334      -7.9305549121231582      -7.9305549121234495      -7.9304914467150818      -7.9304914467144236      -7.9305551439300430      -7.9305551439280118      -7.9303764138413637      -7.9306290442638874      -7.9303441910900787      -7.9308572153593069
    5.000000      -7.9303021822780373      -7.9303234704805270      -7.9303234704820209      -7.9303873336797315      -7.9303873336804838      -7.9303235219382815      -7.9303235219381101      -7.9303875412696225      -7.9303875412677209      -7.9302282868160789      -7.9304379051858511      -7.9302132426004937      -7.9306392014914158
    5.100000      -7.9301649247166104      -7.9301863056807766      -7.9301863056817288      -7.9302504466377481      -7.9302504466387553      -7.9301863519947915      -7.9301863519912308      -7.9302506337158842      -7.9302506337176411      -7.9301074965715710      -7.9302814501276231      -7.9301066096415811      -7.9304603088522327
    5.200000      -7.9300527347434855      -7.9300741915949970      -7.9300741915958053      -7.9301385597843943      -7.9301385597853544      -7.9300742335534027      -7.9300742335526762      -7.9301387294951891      -7.9301387294923726      -7.9300089206159941      -7.9301533279287391      -7.9300196967943455      -7.9303134847957262
    5.300000      -7.9299609614938786      -7.9299824806115913      -7.9299824806125105      -7.9300470352440717      -7.9300470352453329      -7.9299825188774546      -7.9299825188749242      -7.9300471902267420      -7.9300471902282972      -7.9299283992075118      -7.9300483402259161      -7.9299487828838817      -7.9301929249324843
    5.400000      -7.9298858198567803      -7.9299073902439350      -7.9299073902456136      -7.9299720984045043      -7.9299720984060205      -7.9299074253745960      -7.9299074253733446      -7.9299722408779099      -7.9299722408734947      -7.9298625569007335      -7.9299622408560380      -7.9298908555893810      -7.9300938664675389
    5.500000      -7.9298242316097722      -7.9298458443951523      -7.9298458443968007      -7.9299106795070999      -7.9299106795088319      -7.9298458768542712      -7.9298458768539231      -7.9299108113242021      -7.9299108113258976      -7.9298086555875971      -7.9298915659282603      -7.9298434764712020      -7.9300124091359212
    5.600000      -7.9297736942277783      -7.9297953422394745      -7.9297953422405660      -7.9298602828214886      -7.9298602828230571      -7.9297953724156249      -7.9297953724153718      -7.9298604055381698      -7.9298604055339039      -7.9297644742149886      -7.9298334917843647      -7.9298046712301753      -7.9299453630970209
    5.700000      -7.9297321732632229      -7.9297538506747713      -7.9297538506776135      -7.9298188793350324      -7.9298188793360787      -7.9297538788961086      -7.9297538788974613      -7.9298189942509829      -7.9298189942481416      -7.9297282107564913      -7.9297857174058031      -7.9297728407883437      -7.9298901214488575
    5.800000      -7.9296980143852984      -7.9297197164996351      -7.9297197165001618      -7.9297848191145368      -7.9297848191160343      -7.9297197430376718      -7.9297197430378468      -7.9297849273206289      -7.9297849273170531      -7.9296984026291462      -7.9297463676970334      -7.9297466893334594      -7.9298445543846192
    5.900000      -7.9296698718576382      -7.9296915948479150      -7.9296915948491584      -7.9297567599285372      -7.9297567599272387      -7.9296916199347507      -7.9296916199348910      -7.9297568623383210      -7.9297568623402368      -7.9296738621073803      -7.9297139142618098      -7.9297251661522052      -7.9298069218470024
    6.000000      -7.9296466503493761      -7.9296683910501953      -7.9296683910507220      -7.9297336092015964      -7.9297336092004214      -7.9296684148794441      -7.9296684148800152      -7.9297337065992748      -7.9297337066004934      -7.9296536240087399      -7.9296871107279063      -7.9297074186268794      -7.9297758018063407
