# molecule         = LiH
# geometry         = Li 0 0 0; H 0 0 {R:.6f}
# basis            = sadlej
# basis_source     = sadlej.gbs
# lambda           = 0.100000
# omega            = 0.006400
# mode_dir         = [0.0, 0.0, 1.0]
# scheme           = axial
# offdiag          = none
# method           = QED-FCI
# nboson_max       = 20
# n_fock_states    = 21
# ff_step_h        = 0.0005
# n_field_points   = 9
# fci_tol          = 1e-11
# fci_max_cycle    = 300
# scf_conv_tol     = 1e-12
# center_geometry  = True
# frozen_core_orbitals = 1
# coherent_state   = True
# z_selfconsistent_iter = 4
# R_range_Ang      = 0.8:0.1:6.0
# R_e_ref_Ang      = 1.5957
# pyscf            = 2.11.0
# python           = 3.13.12
# host             = fedora
# date             = 2026-08-14 11:44:23
# columns          = R,mu_abs,mu_x,mu_y,mu_z,a_xx,a_yy,a_zz,a_xz,a_iso,err_xx,err_yy,err_zz,dse_mu_z,dse_a_xx,dse_a_yy,dse_a_zz,dse_a_iso,boson_gap,status
#             R         mu_abs           mu_x           mu_y           mu_z           a_xx           a_yy           a_zz           a_xz          a_iso         err_xx         err_yy         err_zz       dse_mu_z       dse_a_xx       dse_a_yy       dse_a_zz      dse_a_iso      boson_gap         status
     0.800000       1.868901      -0.000000       0.000000      -1.868901      24.379987      24.379987      10.318124       0.000000      19.692700       0.001948       0.001948       0.000582      -1.868684      24.272859      24.272859       9.255229      19.266982       0.000000  OK
     0.900000       1.886411      -0.000000       0.000000      -1.886411      22.711985      22.711985      10.378353       0.000000      18.600775       0.001666       0.001666       0.000535      -1.886294      22.617363      22.617363       9.309791      18.181505            nan  OK
     1.000000       1.921873      -0.000000       0.000000      -1.921873      22.020279      22.020279      10.888573       0.000000      18.309710       0.001563       0.001563       0.000586      -1.921890      21.928574      21.928574       9.723376      17.860174            nan  OK
     1.100000       1.971326      -0.000000       0.000000      -1.971326      21.925564      21.925564      11.746413       0.000000      18.532514       0.001546       0.001546       0.000653      -1.971499      21.831078      21.831078      10.407469      18.023208            nan  OK
     1.200000       2.032487      -0.000000       0.000000      -2.032487      22.239130      22.239130      12.890649       0.000000      19.122970       0.001602       0.001602       0.000731      -2.032849      22.138333      22.138333      11.302222      18.526296            nan  OK
     1.300000       2.103761      -0.000000       0.000000      -2.103761      22.874322      22.874322      14.260227       0.000000      20.002957       0.001735       0.001735       0.000892      -2.104349      22.764893      22.764893      12.347700      19.292496            nan  OK
     1.400000       2.183260      -0.000000       0.000000      -2.183260      23.780237      23.780237      15.821002       0.000000      21.127159       0.001876       0.001876       0.001071      -2.184107      23.659888      23.659888      13.506889      20.275555            nan  OK
     1.500000       2.269054      -0.000000       0.000000      -2.269054      24.907139      24.907139      17.577534       0.000000      22.463937       0.002131       0.002131       0.001332      -2.270203      24.773333      24.773333      14.772706      21.439791            nan  OK
     1.600000       2.359708      -0.000000       0.000000      -2.359708      26.207262      26.207262      19.555086       0.000000      23.989870       0.002432       0.002432       0.001683      -2.361213      26.057050      26.057050      16.151409      22.755170            nan  OK
     1.700000       2.454249      -0.000000       0.000000      -2.454249      27.643987      27.643987      21.788262       0.000000      25.692078       0.002785       0.002785       0.002116      -2.456173      27.474086      27.474086      17.652558      24.200244            nan  OK
     1.800000       2.551894      -0.000000       0.000000      -2.551894      29.195303      29.195303      24.320178       0.000000      27.570261       0.003135       0.003135       0.002700      -2.554308      29.002092      29.002092      19.287314      25.763833            nan  OK
     1.900000       2.651873      -0.000000       0.000000      -2.651873      30.851177      30.851177      27.205255       0.000000      29.635870       0.003635       0.003635       0.003451      -2.654861      30.630687      30.630687      21.068689      27.443354            nan  OK
     2.000000       2.753375      -0.000000       0.000000      -2.753375      32.610441      32.610441      30.513206       0.000000      31.911363       0.004203       0.004203       0.004445      -2.757033      32.358030      32.358030      23.012147      29.242736            nan  OK
     2.100000       2.855529      -0.000000       0.000000      -2.855529      34.477867      34.477867      34.334646       0.000000      34.430127       0.004821       0.004821       0.005740      -2.859970      34.188065      34.188065      25.136136      31.170755            nan  OK
     2.200000       2.957399      -0.000000       0.000000      -2.957399      36.462507      36.462507      38.788797       0.000000      37.237937       0.005561       0.005561       0.007561      -2.962758      36.128962      36.128962      27.462613      33.240179            nan  OK
     2.300000       3.057961      -0.000000       0.000000      -3.057961      38.577221      38.577221      44.035479       0.000000      40.396641       0.006461       0.006461       0.010219      -3.064398      38.192530      38.192530      30.017674      35.467578            nan  OK
     2.400000       3.156065      -0.000000       0.000000      -3.156065      40.839039      40.839039      50.293344       0.000000      43.990474       0.007631       0.007631       0.014181      -3.163765      40.394646      40.394646      32.832361      37.873884            nan  OK
     2.500000       3.250360      -0.000000       0.000000      -3.250360      43.270955      43.270955      57.868896       0.000000      48.136935       0.008959       0.008959       0.020131      -3.259544      42.756646      42.756646      35.943587      40.485627            nan  OK
     2.600000       3.339175      -0.000000       0.000000      -3.339175      45.904213      45.904213      67.204438       0.000000      53.004288       0.010504       0.010504       0.029384      -3.350104      45.308068      45.308068      39.395460      43.337199            nan  OK
     2.700000       3.420314       0.000000       0.000000      -3.420314      48.783141      48.783141      78.962353       0.000000      58.842878       0.012527       0.012527       0.044772      -3.433287      48.091717      48.091717      43.241444      46.474960            nan  OK
     2.800000       3.490695      -0.000000       0.000000      -3.490695      51.974553      51.974553      94.183238       0.000000      66.044114       0.015083       0.015083       0.071979      -3.506048      51.172444      51.172444      47.547562      49.964150            nan  OK
     2.900000       3.545671       0.000000       0.000000      -3.545671      55.583581      55.583581     114.600720       0.000000      75.255961       0.018253       0.018253       0.123966      -3.563771      54.653680      54.653680      52.397262      53.901540            nan  OK
     3.000000       3.577693       0.000000       0.000000      -3.577693      59.786173      59.786173     143.330762       0.000000      87.634370       0.022418       0.022418       0.232986      -3.598879      58.711657      58.711657      57.898454      58.440589            nan  OK
     3.100000       3.573354       0.000000       0.000000      -3.573354      64.900027      64.900027     186.531266       0.000000     105.443773       0.028820       0.028820       0.496843      -3.597692      63.673366      63.673366      64.189856      63.845530            nan  OK
     3.200000       3.506140       0.000000       0.000000      -3.506140      71.563190      71.563190     257.924983       0.000000     133.683788       0.038503       0.038503       1.249500      -3.533013      70.205032      70.205032      71.416112      70.608725            nan  OK
     3.300000       3.316561       0.000000       0.000000      -3.316561      81.207722      81.207722     391.883736       0.000000     184.766393       0.054591       0.054591       3.690792      -3.343069      79.853275      79.853275      79.521417      79.742655            nan  STEP_ZZ
     3.400000       2.862665       0.000000       0.000000      -2.862665      97.126733      97.126733     661.308835       0.000000     285.187434       0.082255       0.082255       6.493998      -2.880836      96.349176      96.349176      87.048410      93.248920            nan  STEP_ZZ
     3.500000       1.995422       0.000000       0.000000      -1.995422     121.591709     121.591709     909.159069       0.000000     384.114162       0.082285       0.082285       8.830140      -1.999933     122.654957     122.654957      89.832499     111.714137            nan  STEP_ZZ
     3.600000       1.173162       0.000000       0.000000      -1.173162     141.391910     141.391910     714.383890       0.000000     332.389237       0.027559       0.027559       0.907971      -1.168030     143.771401     143.771401      88.811607     125.451470            nan  OK
     3.700000       0.708664      -0.000000       0.000000      -0.708664     151.002941     151.002941     516.776968       0.000000     272.927617       0.004959       0.004959       0.270871      -0.696751     153.398542     153.398542      85.712378     130.836487            nan  OK
     3.800000       0.448720      -0.000000       0.000000      -0.448720     155.752163     155.752163     408.727873       0.000000     240.077400       0.017954       0.017954       0.446550      -0.434057     157.841643     157.841643      82.407912     132.697066            nan  OK
     3.900000       0.289234      -0.000000       0.000000      -0.289234     158.403518     158.403518     346.821249       0.000000     221.209428       0.025216       0.025216       0.447988      -0.273950     160.192850     160.192850      79.636509     133.340737            nan  OK
     4.000000       0.184333      -0.000000       0.000000      -0.184333     160.022789     160.022789     308.117897       0.000000     209.387825       0.029007       0.029007       0.410825      -0.168040     153.428442     153.428442      79.390786     128.749223            nan  OK
     4.100000       0.112054      -0.000000       0.000000      -0.112054     161.075216     161.075216     282.165115       0.000000     201.438516       0.031321       0.031321       0.371389      -0.097417     162.419424     162.419424      75.680224     133.506358            nan  OK
     4.200000       0.060661      -0.000000       0.000000      -0.060661     161.790986     161.790986     263.796486       0.000000     195.792819       0.032900       0.032900       0.336447      -0.046571     163.014659     163.014659      74.280559     133.436626            nan  OK
     4.300000       0.023315      -0.000000       0.000000      -0.023315     162.296291     162.296291     250.218280       0.000000     191.603621       0.033687       0.033687       0.306051      -0.009744     163.431928     163.431928      73.137865     133.333907            nan  OK
     4.400000       0.004247      -0.000000       0.000000       0.004247     162.666204     162.666204     239.803620       0.000000     188.378676       0.034372       0.034372       0.279316       0.017328     163.724749     163.724749      72.187049     133.212183            nan  OK
     4.500000       0.024808      -0.000000       0.000000       0.024808     162.965811     162.965811     231.565600       0.000000     185.832407       0.046135       0.046135       0.266222      -0.308223    3236.548853    3236.548853    1666.898056    2713.331920            nan  OK
     4.600000       0.040256      -0.000000       0.000000       0.040256     163.169518     163.169518     224.801830       0.000000     183.713622       0.035536       0.035536       0.234211       0.072177    2481.282695    2481.282695      69.069187    1677.211526            nan  OK
     4.700000       0.051900      -0.000000       0.000000       0.051900     163.352321     163.352321     219.132426       0.000000     181.945689       0.035598       0.035598       0.214229       0.078918     164.737959     164.737959      68.802517     132.759478            nan  OK
     4.800000       0.060667      -0.000000       0.000000       0.060667     163.510216     163.510216     214.245292       0.000000     180.421908       0.035894       0.035894       0.195701       0.083709     164.758784     164.758784      68.517715     132.678427            nan  OK
     4.900000       0.067219      -0.000000       0.000000       0.067219     163.651584     163.651584     209.936673       0.000000     179.079947       0.036093       0.036093       0.178333       0.087229     164.800189     164.800189      68.216143     132.605507            nan  OK
     5.000000       0.072033      -0.000000       0.000000       0.072033     163.782821     163.782821     206.065923       0.000000     177.877188       0.036507       0.036507       0.162207       0.089644     164.858502     164.858502      67.901820     132.539608            nan  OK
     5.100000       0.075455      -0.000000       0.000000       0.075455     163.906940     163.906940     202.535770       0.000000     176.783217       0.036734       0.036734       0.147373       0.091140     164.930459     164.930459      67.578341     132.479753            nan  OK
     5.200000       0.077739      -0.000000       0.000000       0.077739     164.034082     164.034082     199.281413       0.000000     175.783192       0.041424       0.041424       0.134186       0.091675     165.012829     165.012829      67.250498     132.425385            nan  OK
     5.300000       0.079071      -0.000000       0.000000       0.079071     164.144680     164.144680     196.253525       0.000000     174.847629       0.038194       0.038194       0.121269       0.092081     165.104346     165.104346      66.917352     132.375348            nan  OK
     5.400000       0.079590      -0.000000       0.000000       0.079590     164.255715     164.255715     193.426596       0.000000     173.979342       0.036857       0.036857       0.109792       0.091536     165.200864     165.200864      66.588014     132.329914            nan  OK
     5.500000       0.079405      -0.000000       0.000000       0.079405     164.366364     164.366364     190.781561       0.000000     173.171430       0.036801       0.036801       0.099858       0.090503     165.301123     165.301123      66.263306     132.288517            nan  OK
     5.600000       0.078603      -0.000000       0.000000       0.078603     164.474537     164.474537     188.305488       0.000000     172.418187       0.036943       0.036943       0.090693       0.088825     165.402969     165.402969      65.947353     132.251097            nan  OK
     5.700000       0.077255      -0.000000       0.000000       0.077255     164.579668     164.579668     185.990806       0.000000     171.716714       0.037015       0.037015       0.082493       0.086772     165.505323     165.505323      65.641449     132.217365            nan  OK
     5.800000       0.075423      -0.000000       0.000000       0.075423     164.681629     164.681629     183.833508       0.000000     171.065589       0.037098       0.037098       0.075824       0.084321     165.606919     165.606919      65.348155     132.187331            nan  OK
     5.900000       0.073166      -0.000000       0.000000       0.073166     164.779858     164.779858     181.828711       0.000000     170.462809       0.037002       0.037002       0.069694       0.081454     165.706726     165.706726      65.069704     132.161052            nan  OK
     6.000000       0.070536      -0.000000       0.000000       0.070536     164.875010     164.875010     179.974285       0.000000     169.908102       0.037216       0.037216       0.064616       0.078285     165.804228     165.804228      64.807058     132.138505       0.000000  OK
