# molecule         = LiH
# geometry         = Li 0 0 0; H 0 0 {R:.6f}
# basis            = sadlej
# basis_source     = sadlej.gbs
# lambda           = 0.010000
# omega            = 0.006400
# mode_dir         = [0.0, 0.0, 1.0]
# scheme           = axial
# offdiag          = none
# method           = QED-FCI
# nboson_max       = 20
# n_fock_states    = 21
# ff_step_h        = 0.0005
# n_field_points   = 9
# fci_tol          = 1e-11
# fci_max_cycle    = 300
# scf_conv_tol     = 1e-12
# center_geometry  = True
# frozen_core_orbitals = 1
# coherent_state   = True
# z_selfconsistent_iter = 4
# R_range_Ang      = 0.8:0.1:6.0
# R_e_ref_Ang      = 1.5957
# pyscf            = 2.11.0
# python           = 3.13.12
# host             = fedora
# date             = 2026-08-14 10:15:53
# columns          = R,fci[0],fci[+z],fci[-z],fci[+2z],fci[-2z],fci[+x],fci[-x],fci[+2x],fci[-2x]
    0.800000      -7.7758732398441825      -7.7749267313682857      -7.7768230792815460      -7.7739835674594193      -7.7777762388501648      -7.7758766522359108      -7.7758766522351443      -7.7758868910925134      -7.7758868910919539
    0.900000      -7.8614733175746068      -7.8605206002655432      -7.8624293393484272      -7.8595712013802093      -7.8633886540083395      -7.8614764827871388      -7.8614764827869363      -7.8614859798311993      -7.8614859798308725
    1.000000      -7.9202746813994178      -7.9193068218079130      -7.9212459946469025      -7.9183424334050461      -7.9222207464024752      -7.9202777498170587      -7.9202777498172923      -7.9202869563700835      -7.9202869563698810
    1.100000      -7.9601033370372756      -7.9591133945353603      -7.9610970063669910      -7.9581272018742775      -7.9620943821176819      -7.9601064003158370      -7.9601064003161746      -7.9601155914367228      -7.9601155914365549
    1.200000      -7.9864486740320348      -7.9854312490843409      -7.9874702047139268      -7.9844179602915268      -7.9884958137241249      -7.9864517939532114      -7.9864517939535515      -7.9864611550485876      -7.9864611550484215
    1.300000      -8.0031898561263617      -8.0021406734823870      -8.0042436240726609      -8.0010961164133683      -8.0053019406542809      -8.0031930795045518      -8.0031930795048716      -8.0032027510467341      -8.0032027510465227
    1.400000      -8.0130884564996041      -8.0120041387432543      -8.0141779397814084      -8.0109250399285123      -8.0152725397419928      -8.0130918223313135      -8.0130918223316545      -8.0131019213934707      -8.0131019213932468
    1.500000      -8.0181257444814023      -8.0170037317495630      -8.0192536075214473      -8.0158876401032977      -8.0203872559713236      -8.0181292861755136      -8.0181292861759488      -8.0181399130055215      -8.0181399130052391
    1.600000      -8.0197287901221141      -8.0185672837979389      -8.0208969456150001      -8.0174125203024591      -8.0220716643163534      -8.0197325360384859      -8.0197325360378215      -8.0197437757555399      -8.0197437757551580
    1.700000      -8.0189250892238366      -8.0177229816434821      -8.0201347754503676      -8.0165285764623384      -8.0213519267583635      -8.0189290639737791      -8.0189290639737631      -8.0189409904609708      -8.0189409904604272
    1.800000      -8.0164544797770834      -8.0152113124229842      -8.0177063096818024      -8.0139769708882120      -8.0189666524393299      -8.0164587061267536      -8.0164587061267909      -8.0164713877374840      -8.0164713877386617
    1.900000      -8.0128511813670880      -8.0115671496350789      -8.0141451452711845      -8.0102932652081673      -8.0154488443949390      -8.0128556819504855      -8.0128556819505850      -8.0128691866561912      -8.0128691866578006
    2.000000      -8.0085025298889114      -8.0071785229510475      -8.0098379639300887      -8.0058662262697773      -8.0111845663492680      -8.0085073284765400      -8.0085073284768189      -8.0085217276567953      -8.0085217276567331
    2.100000      -8.0036903599042777      -8.0023280249146289      -8.0050658916011699      -8.0009792589465771      -8.0064542805839523      -8.0036954822967878      -8.0036954822961341      -8.0037108534366883      -8.0037108534364592
    2.200000      -7.9986202154038164      -7.9972220424195122      -8.0000336905653349      -7.9958396605904163      -8.0014620231997995      -7.9986256901256088      -7.9986256901246708      -7.9986421188953649      -7.9986421188948666
    2.300000      -7.9934422214229519      -7.9920116480315713      -7.9948906136073035      -7.9905995345472141      -7.9963562429264217      -7.9934480803067238      -7.9934480803053649      -7.9934656623165656      -7.9934656623183207
    2.400000      -7.9882662046553747      -7.9868077391157843      -7.9897455082002713      -7.9853709498187957      -7.9912448909248566      -7.9882724833791929      -7.9882724833772913      -7.9882913257988335      -7.9882913257993549
    2.500000      -7.9831727595758544      -7.9816921197053361      -7.9846778680077284      -7.9802370392911079      -7.9862064590509974      -7.9831794981695632      -7.9831794981689566      -7.9831997212241879      -7.9831997212246657
    2.600000      -7.9782213870999543      -7.9767256490102598      -7.9797459605500896      -7.9752601555991030      -7.9812980963917495      -7.9782286303713619      -7.9782286303709933      -7.9782503686454049      -7.9782503686457487
    2.700000      -7.9734564793565381      -7.9719542240606573      -7.9749928087528783      -7.9704878432578390      -7.9765615843830009      -7.9734642771742443      -7.9734642771749815      -7.9734876804480797      -7.9734876804546486
    2.800000      -7.9689116938824807      -7.9674131292424342      -7.9704505772310563      -7.9659571455761116      -7.9720277266628239      -7.9689201011749153      -7.9689201011792186      -7.9689453344322878      -7.9689453344213170
    2.900000      -7.9646130965897370      -7.9631301164317545      -7.9661437543792228      -7.9616975896917586      -7.9677195532672798      -7.9646221728319562      -7.9646221728439617      -7.9646494146468232      -7.9646494146294593
    3.000000      -7.9605813273567216      -7.9591274499942788      -7.9620914000437697      -7.9577330611740793      -7.9636546214592459      -7.9605911353269914      -7.9605911353248109      -7.9606205740493099      -7.9606205740250342
    3.100000      -7.9568329454013398      -7.9554230551987661      -7.9583086333744282      -7.9540826899946442      -7.9598466025409129      -7.9568435487457538      -7.9568435487429356      -7.9568753753930608      -7.9568753753696075
    3.200000      -7.9533810459206142      -7.9520308560418220      -7.9548074645361311      -7.9507608425349749      -7.9563062725151417      -7.9533925054500090      -7.9533925054465797      -7.9534269023668225      -7.9534269023682560
    3.300000      -7.9502352171567203      -7.9489603979295449      -7.9515970331649113      -7.9477763735950582      -7.9530419742779488      -7.9502475856434494      -7.9502475856401444      -7.9502847108973818      -7.9502847108964243
    3.400000      -7.9474009444648850      -7.9462159393408358      -7.9486833182291061      -7.9451314440399869      -7.9500595986522464      -7.9474142603684355      -7.9474142603648037      -7.9474542289271808      -7.9474542289258778
    3.500000      -7.9448786692694480      -7.9437953468704032      -7.9460684387313965      -7.9428203969025137      -7.9473621504842580      -7.9448929504002548      -7.9448929503969916      -7.9449358151176863      -7.9449358151187255
    3.600000      -7.9426628426927204      -7.9416892648108224      -7.9437497655258378      -7.9408292727625671      -7.9449490286721840      -7.9426780813310147      -7.9426780813268296      -7.9427238183811895      -7.9427238183820243
    3.700000      -7.9407413930330906      -7.9398810291256163      -7.9417191671919669      -7.9391363953110003      -7.9428152392303462      -7.9407575541417224      -7.9407575541387514      -7.9408060577450463      -7.9408060577443420
    3.800000      -7.9390959567847883      -7.9383475779967396      -7.9399627407134385      -7.9377140696436586      -7.9409508317924651      -7.9391129802054943      -7.9391129802023626      -7.9391640692999905      -7.9391640692993022
    3.900000      -7.9377029797808119      -7.9370612450550757      -7.9384612654271693      -7.9365310068745965      -7.9393408378637158      -7.9377207860293773      -7.9377207860274588      -7.9377742217651894      -7.9377742217267775
    4.000000      -7.9365354825505392      -7.9359920064091654      -7.9371913821926130      -7.9355548695632629      -7.9379658581737562      -7.9365539806968313      -7.9365539806962087      -7.9366094900747770      -7.9366094900433577
    4.100000      -7.9355650726408813      -7.9351096591349064      -7.9361272511004435      -7.9347544112217987      -7.9368032351596023      -7.9355841682911867      -7.9355841682916894      -7.9356414681062866      -7.9356414680780309
    4.200000      -7.9347637762616694      -7.9343855431479042      -7.9352423116862347      -7.9341009412517378      -7.9358285588283319      -7.9347833781264798      -7.9347833781259105      -7.9348421946177572      -7.9348421945967758
    4.300000      -7.9341054129184716      -7.9337936504254856      -7.9345108069628845      -7.9335691039132676      -7.9350171827284264      -7.9341254372515602      -7.9341254372491159      -7.9341855193676816      -7.9341855193525346
    4.400000      -7.9335664319837589      -7.9333111606337763      -7.9339088786874612      -7.9331371124715790      -7.9343454866023313      -7.9335868049250493      -7.9335868049236042      -7.9336479312788590      -7.9336479312815600
    4.500000      -7.9331262745244819      -7.9329185425828213      -7.9334151994822779      -7.9327866232017197      -7.9337917524399746      -7.9331469328002999      -7.9331469327994615      -7.9332089138426642      -7.9332089138448820
    4.600000      -7.9327673891407402      -7.9325993794216059      -7.9330112138650248      -7.9325024117158955      -7.9333366468113020      -7.9327882797007350      -7.9327882797024820      -7.9328509565060639      -7.9328509565023779
    4.700000      -7.9324750339821488      -7.9323400483159725      -7.9326811016661223      -7.9322719676321203      -7.9329633803436170      -7.9324961130202549      -7.9324961130222933      -7.9325593543490527      -7.9325593543475508
    4.800000      -7.9322369706369535      -7.9321293458597602      -7.9324115741564212      -7.9320850796537705      -7.9326576423683735      -7.9322582023683630      -7.9322582023705053      -7.9323219010293071      -7.9323219010287378
    4.900000      -7.9320431220437744      -7.9319581145627902      -7.9321915881537750      -7.9319334497300567      -7.9324074022135926      -7.9320644774589475      -7.9320644774609690      -7.9321285465525042      -7.9321285465518683
    5.000000      -7.9318852375632254      -7.9318188995406684      -7.9320120364058884      -7.9318103532745416      -7.9322026470971601      -7.9319066932514968      -7.9319066932532234      -7.9319710626778841      -7.9319710626766105
    5.100000      -7.9317565874998133      -7.9317056476732271      -7.9318654479074482      -7.9317103497719135      -7.9320351034286247      -7.9317781246489849      -7.9317781246478871      -7.9318427380330387      -7.9318427380308689
    5.200000      -7.9316516962676591      -7.9316134517485715      -7.9317457159954659      -7.9316290414287653      -7.9318979692232130      -7.9316732997650883      -7.9316732997637178      -7.9317381118524484      -7.9317381118493149
    5.300000      -7.9315661154417079      -7.9315383369908288      -7.9316478610166943      -7.9315628746363007      -7.9317856717624418      -7.9315877731532556      -7.9315877731516133      -7.9316527476332572      -7.9316527476330903
    5.400000      -7.9314962340881197      -7.9314770850349312      -7.9315678283265934      -7.9315089779488090      -7.9316936559634916      -7.9315179362923827      -7.9315179362945454      -7.9315830440277608      -7.9315830440274890
    5.500000      -7.9314391222703513      -7.9314270901083868      -7.9315023192555421      -7.9314650306691767      -7.9316182039884344      -7.9314608611551485      -7.9314608611572792      -7.9315260787370674      -7.9315260787367219
    5.600000      -7.9313924026865728      -7.9313862420150798      -7.9314486511470488      -7.9314291565143780      -7.9315562838820561      -7.9314141719638496      -7.9314141719659110      -7.9314794805620368      -7.9314794805616105
    5.700000      -7.9313541460556500      -7.9313528312562935      -7.9314046424468847      -7.9313998377890975      -7.9315054239575948      -7.9313759406562347      -7.9313759406581559      -7.9314413250906721      -7.9314413250901419
    5.800000      -7.9313227860940634      -7.9313254722594353      -7.9313685186549145      -7.9313758461514885      -7.9314636093424831      -7.9313446019226648      -7.9313446019244349      -7.9314100499246196      -7.9314100499240254
    5.900000      -7.9312970505466520      -7.9313030413169479      -7.9313388358720580      -7.9313561867936997      -7.9314291971636077      -7.9313188842817413      -7.9313188842833560      -7.9313843859051012      -7.9313843859044475
    6.000000      -7.9312759053071957      -7.9312846264377246      -7.9313144184879452      -7.9313400534276166      -7.9314008472785318      -7.9312977542199610      -7.9312977542429870      -7.9313633013984850      -7.9313633013984326
