# molecule         = LiH
# geometry         = Li 0 0 0; H 0 0 {R:.6f}
# basis            = sadlej
# basis_source     = sadlej.gbs
# lambda           = 0.050000
# omega            = 0.006400
# mode_dir         = [0.0, 0.0, 1.0]
# scheme           = axial
# offdiag          = none
# method           = QED-FCI
# nboson_max       = 20
# n_fock_states    = 21
# ff_step_h        = 0.0005
# n_field_points   = 9
# fci_tol          = 1e-11
# fci_max_cycle    = 300
# scf_conv_tol     = 1e-12
# center_geometry  = True
# frozen_core_orbitals = 1
# coherent_state   = True
# z_selfconsistent_iter = 4
# R_range_Ang      = 0.8:0.1:6.0
# R_e_ref_Ang      = 1.5957
# pyscf            = 2.11.0
# python           = 3.13.12
# host             = fedora
# date             = 2026-08-14 11:07:34
# columns          = R,fci[0],fci[+z],fci[-z],fci[+2z],fci[-2z],fci[+x],fci[-x],fci[+2x],fci[-2x]
    0.800000      -7.7732688768798379      -7.7723253281453299      -7.7742154628273221      -7.7713848218249666      -7.7751650823473222      -7.7732721752162313      -7.7732721752169933      -7.7732820716390849      -7.7732820716405122
    0.900000      -7.8588523233477323      -7.8579018093522333      -7.8598058709898568      -7.8569543351092248      -7.8607624475507967      -7.8588553877107108      -7.8588553877099336      -7.8588645819946663      -7.8588645819943039
    1.000000      -7.9175797082160138      -7.9166132181289655      -7.9185493763377766      -7.9156499148700412      -7.9195222151029654      -7.9175826794537203      -7.9175826794531696      -7.9175915942741861      -7.9175915942740493
    1.100000      -7.9572888426622317      -7.9562993965212714      -7.9582817189555897      -7.9553133931223918      -7.9592780143573085      -7.9572918067426484      -7.9572918067422815      -7.9573007000793368      -7.9573007000793154
    1.200000      -7.9834766445754539      -7.9824587150005639      -7.9844983478926421      -7.9814445767503015      -7.9855238091674092      -7.9834796593994168      -7.9834796593991602      -7.9834887050068257      -7.9834887050069110
    1.300000      -8.0000330347783883      -7.9989821005002133      -8.0010881688945901      -7.9979353901202304      -8.0021474809636448      -8.0000361443539738      -8.0000361443537784      -8.0000454742970799      -8.0000454742972398
    1.400000      -8.0097350784074060      -8.0086474668537235      -8.0108273930262506      -8.0075645907182427      -8.0119243810731131      -8.0097383194518503      -8.0097383194515519      -8.0097480439184423      -8.0097480439186732
    1.500000      -8.0145755703777137      -8.0134484296949164      -8.0157079948707946      -8.0123266157591413      -8.0168456636828793      -8.0145789739553468      -8.0145789739563273      -8.0145891861722092      -8.0145891861723584
    1.600000      -8.0159830612949623      -8.0148142692413344      -8.0171578020919156      -8.0136514824696583      -8.0183384395161106      -8.0159866530878716      -8.0159866530878769      -8.0159974301354922      -8.0159974301388370
    1.700000      -8.0149805807182393      -8.0137686230082679      -8.0161992482768802      -8.0125634492962590      -8.0174245572751914      -8.0149843822142905      -8.0149843822142621      -8.0149957885961669      -8.0149957885972576
    1.800000      -8.0123029674103137      -8.0110468715801204      -8.0135666472162690      -8.0097984567773501      -8.0148378214599383      -8.0123069977400547      -8.0123069977404349      -8.0123190908844926      -8.0123190908858462
    1.900000      -8.0084807094015336      -8.0071800384326046      -8.0097899734246134      -8.0058880874659977      -8.0111077134704640      -8.0084849869956507      -8.0084849869976296      -8.0084978222522096      -8.0084978222600647
    2.000000      -8.0038985066797128      -8.0025533857514528      -8.0052533925839384      -8.0012181959718003      -8.0066178904952992      -8.0039030504933883      -8.0039030504959072      -8.0039166847976535      -8.0039166847902141
    2.100000      -7.9988361352641402      -7.9974472972523483      -8.0002361084177238      -7.9960698123291216      -8.0016470165926492      -7.9988409656116488      -7.9988409656169086      -7.9988554599843065      -7.9988554599717023
    2.200000      -7.9934972573446590      -7.9920661057964706      -7.9949411579601986      -7.9906479900099985      -7.9963975451782812      -7.9935023966020990      -7.9935023966011585      -7.9935178182031263      -7.9935178181838227
    2.300000      -7.9880300525219656      -7.9865587466551258      -7.9895160242703120      -7.9851024854162205      -7.9910163164036483      -7.9880355256945705      -7.9880355256934807      -7.9880519496605977      -7.9880519496413838
    2.400000      -7.9825422341580987      -7.9810338039894475      -7.9840676278096794      -7.9795428405387812      -7.9856095279107686      -7.9825480695796101      -7.9825480695777378      -7.9825655810119791      -7.9825655810108680
    2.500000      -7.9771121317988953      -7.9755706357682659      -7.9786733737220343      -7.9740495589854374      -7.9802537531702207      -7.9771183619420851      -7.9771183619398878      -7.9771370584050700      -7.9771370584030912
    2.600000      -7.9717969698147453      -7.9702277137021635      -7.9733893797381743      -7.9686825199088576      -7.9750041276124568      -7.9718036324024997      -7.9718036323970294      -7.9718236272191003      -7.9718236272179048
    2.700000      -7.9666391432762005      -7.9650489887653935      -7.9682566779511346      -7.9634874518762624      -7.9699004891999135      -7.9666462827681128      -7.9666462827632873      -7.9666677095111540      -7.9666677095124232
    2.800000      -7.9616710947740161      -7.9600688993784825      -7.9633059828976807      -7.9585010994968446      -7.9649720568287998      -7.9616787644201947      -7.9616787644158453      -7.9617017831269621      -7.9617017831259931
    2.900000      -7.9569192763030525      -7.9553165238145569      -7.9585614949235293      -7.9537556033967203      -7.9602411023128257      -7.9569275410545135      -7.9569275410400087      -7.9569523468051404      -7.9569523468079328
    3.000000      -7.9524076087215683      -7.9508193057070971      -7.9540441329917080      -7.9492825328135233      -7.9557259929074675      -7.9524165490820566      -7.9524165490556538      -7.9524433837764699      -7.9524433837781867
    3.100000      -7.9481607967799777      -7.9466067014848658      -7.9497745462212199      -7.9451168731295585      -7.9514439365124021      -7.9481705139066960      -7.9481705138787468      -7.9481996814431870      -7.9481996814492630
    3.200000      -7.9442077458642864      -7.9427138679751224      -7.9457761994255991      -7.9413008202292010      -7.9474137325409941      -7.9442183671312439      -7.9442183670930380      -7.9442502500313257      -7.9442502500474985
    3.300000      -7.9405849176354177      -7.9391847137928666      -7.9420786388298721      -7.9378858121758853      -7.9436587566898300      -7.9405965994611716      -7.9405965994216787      -7.9406316672368567      -7.9406316672257278
    3.400000      -7.9373381510914207      -7.9360714544189506      -7.9387203430034514      -7.9349280272935721      -7.9402100801229754      -7.9373510693144187      -7.9373510692581064      -7.9373898490323898      -7.9373898490124857
    3.500000      -7.9345185464604260      -7.9334243884587199      -7.9357485787624302      -7.9324702478430176      -7.9371084861642558      -7.9345328558214652      -7.9345328557690173      -7.9345758099644224      -7.9345758099336843
    3.600000      -7.9321659254489383      -7.9312678679164854      -7.9332104566319392      -7.9305135824651583      -7.9344014378361285      -7.9321816812262451      -7.9321816811657975      -7.9322289723950394      -7.9322289723687174
    3.700000      -7.9302829056419926      -7.9295772454419513      -7.9311310185814570      -7.9290056586531534      -7.9321286275332827      -7.9303000016029523      -7.9303000015594316      -7.9303513080716312      -7.9303513080458377
    3.800000      -7.9288233064411404      -7.9282836894500317      -7.9294909940292531      -7.9278620525169545      -7.9302974514216338      -7.9288415089883149      -7.9288415089620488      -7.9288961289751834      -7.9288961289577982
    3.900000      -7.9277104792977457      -7.9273028174072637      -7.9282292294284611      -7.9269971770338028      -7.9288695971178917      -7.9277295255724196      -7.9277295255549323      -7.9277866712588931      -7.9277866712438243
    4.000000      -7.9268652216247242      -7.9265584150317920      -7.9272681167888175      -7.9263404546056488      -7.9277757844842478      -7.9268848873700728      -7.9268848873659605      -7.9269438873031302      -7.9269438873317055
    4.100000      -7.9262212068704985      -7.9259905691666797      -7.9265360927694699      -7.9258386289879841      -7.9269419134000154      -7.9262413232196298      -7.9262413232157236      -7.9263016719283348      -7.9263016718705686
    4.200000      -7.9257277815505285      -7.9255547243647904      -7.9259761027061275      -7.9254527105816361      -7.9263047357053011      -7.9257482271403887      -7.9257482271398727      -7.9258095615179212      -7.9258095614939492
    4.300000      -7.9253475245516984      -7.9252182551732560      -7.9255452976678864      -7.9251542611211852      -7.9258153896809187      -7.9253682131411463      -7.9253682131818062      -7.9254302751972645      -7.9254302751855787
    4.400000      -7.9250529571658586      -7.9249572282049021      -7.9252120806907813      -7.9249223966116888      -7.9254375090931024      -7.9250738272943462      -7.9250738273223380      -7.9251364328097234      -7.9251364328079399
    4.500000      -7.9248237974695845      -7.9247539401471849      -7.9249531527722121      -7.9247416247530520      -7.9251442525498730      -7.9248448047933140      -7.9248448048119506      -7.9249078209922033      -7.9249078210276709
    4.600000      -7.9246449406226294      -7.9245951647281396      -7.9247512118314578      -7.9246003325147498      -7.9249157335424716      -7.9246660528784272      -7.9246660528933788      -7.9247293832412851      -7.9247293832675219
    4.700000      -7.9245050285253491      -7.9244709240168234      -7.9245932906672092      -7.9244897311738240      -7.9247370977089853      -7.9245262219730410      -7.9245262219842481      -7.9245897954137714      -7.9245897954312259
    4.800000      -7.9243954425108738      -7.9243736238632785      -7.9244695809334962      -7.9244031128350070      -7.9245971476072041      -7.9244166995448904      -7.9244166995550156      -7.9244804633343726      -7.9244804633439285
    4.900000      -7.9243095892121955      -7.9242974394111769      -7.9243726004992352      -7.9243353196609974      -7.9244873681152379      -7.9243308966154240      -7.9243308966300976      -7.9243948113565406      -7.9243948113592513
    5.000000      -7.9242423879311268      -7.9242378718183089      -7.9242965982547302      -7.9242823594867451      -7.9244012322228343      -7.9242637358848578      -7.9242637359006443      -7.9243277719294944      -7.9243277719271514
    5.100000      -7.9241898988734061      -7.9241914253887096      -7.9242371241826710      -7.9242411242218562      -7.9243337014811868      -7.9242112798509288      -7.9242112798655189      -7.9242754147562966      -7.9242754147555132
    5.200000      -7.9241490491677151      -7.9241553684288730      -7.9241907142182706      -7.9242091807214106      -7.9242808622128553      -7.9241704573615541      -7.9241704573780440      -7.9242346740398029      -7.9242346740362644
    5.300000      -7.9241174293605399      -7.9241275554149952      -7.9241546573931050      -7.9241846146394241      -7.9242396574505154      -7.9241388604969032      -7.9241388605106859      -7.9242031458428563      -7.9242031458338360
    5.400000      -7.9240931415221141      -7.9241062931813087      -7.9241268218103889      -7.9241659125208468      -7.9242076875378205      -7.9241145922218106      -7.9241145922383032      -7.9241789361149513      -7.9241789361045427
    5.500000      -7.9240746837117504      -7.9240902394871897      -7.9241055233630098      -7.9241518724635753      -7.9241830601904448      -7.9240961513186319      -7.9240961513299641      -7.9241605458589328      -7.9241605458472932
    5.600000      -7.9240608622706263      -7.9240783257008527      -7.9240894260239436      -7.9241415358054201      -7.9241642769165939      -7.9240823447064619      -7.9240823447188991      -7.9241467836863944      -7.9241467836741881
    5.700000      -7.9240507249253733      -7.9240696977068552      -7.9240774659185655      -7.9241341349011130      -7.9241501464805664      -7.9240722205290108      -7.9240722205424614      -7.9241366989927506      -7.9241366989854338
    5.800000      -7.9240435091026580      -7.9240636703052374      -7.9240687925953992      -7.9241290527989996      -7.9241397184231595      -7.9240650165493669      -7.9240650165639206      -7.9241295304899282      -7.9241295304829604
    5.900000      -7.9240386020934670      -7.9240596919719604      -7.9240627239633747      -7.9241257920623589      -7.9241322317650047      -7.9240601202949730      -7.9240601203108616      -7.9241246664225091      -7.9241246664160254
    6.000000      -7.9240355100629030      -7.9240573174537881      -7.9240587111695522      -7.9241239505021950      -7.9241270752483715      -7.9240570381014548      -7.9240570381223883      -7.9241216136710122      -7.9241216136650126
