# molecule         = H2
# geometry         = H 0 0 0; H 0 0 {R:.6f}
# basis            = sadlej
# basis_source     = sadlej.gbs
# lambda           = 0.050000
# omega            = 0.020100
# mode_dir         = [0.0, 0.0, 1.0]
# scheme           = axial
# offdiag          = none
# method           = QED-FCI
# nboson_max       = 8
# n_fock_states    = 9
# ff_step_h        = 0.001
# n_field_points   = 9
# fci_tol          = 1e-11
# fci_max_cycle    = 300
# scf_conv_tol     = 1e-12
# center_geometry  = True
# frozen_core_orbitals = 0
# coherent_state   = True
# z_selfconsistent_iter = 0
# R_range_Ang      = 0.4:0.1:5.0
# R_e_ref_Ang      = 0.7414
# pyscf            = 2.11.0
# python           = 3.13.12
# host             = fedora
# date             = 2026-08-17 22:03:09
# columns          = R,fci[0],fci[+z],fci[-z],fci[+2z],fci[-2z],fci[+x],fci[-x],fci[+2x],fci[-2x]
    0.500000      -1.0686959470427817      -1.0686979161223917      -1.0686979161224046      -1.0687038235044424      -1.0687038235042710      -1.0686973924073666      -1.0686973924073271      -1.0687017285145173      -1.0687017285145244
    0.600000      -1.1313628399749944      -1.1313652786244510      -1.1313652786245820      -1.1313725948300350      -1.1313725948297513      -1.1313645676138002      -1.1313645676137212      -1.1313697506210947      -1.1313697506210902
    0.700000      -1.1552172312375544      -1.1552202220989618      -1.1552202220994303      -1.1552291950128830      -1.1552291950130815      -1.1552192613351702      -1.1552192613352954      -1.1552253517417022      -1.1552253517416986
    0.800000      -1.1586780943111656      -1.1586817145260184      -1.1586817145258186      -1.1586925755999113      -1.1586925755997968      -1.1586804376357418      -1.1586804376360507      -1.1586874677588286      -1.1586874677588219
    0.900000      -1.1513090564183506      -1.1513133729478369      -1.1513133729479255      -1.1513263230909345      -1.1513263230906701      -1.1513117146688610      -1.1513117146688849      -1.1513196896045403      -1.1513196896045290
    1.000000      -1.1383608084073984      -1.1383658714497034      -1.1383658714498726      -1.1383810612862293      -1.1383810612855738      -1.1383637747052662      -1.1383637747053319      -1.1383726738173867      -1.1383726738173641
    1.100000      -1.1228476121450692      -1.1228534468592024      -1.1228534468594771      -1.1228709518972357      -1.1228709518957991      -1.1228508716011347      -1.1228508716012744      -1.1228606502079572      -1.1228606502079215
    1.200000      -1.1065585878897228      -1.1065651854124767      -1.1065651854127942      -1.1065849791439115      -1.1065849791439559      -1.1065621183272634      -1.1065621183275485      -1.1065727099138081      -1.1065727099137637
    1.300000      -1.0905796760372173      -1.0905869856488404      -1.0905869856481352      -1.0906089159846930      -1.0906089159842285      -1.0905834489828035      -1.0905834489834390      -1.0905947681081263      -1.0905947681080743
    1.400000      -1.0755731637767452      -1.0755810886887907      -1.0755810886875057      -1.0756048654433177      -1.0756048654386896      -1.0755771457235190      -1.0755771457238208      -1.0755890919139925      -1.0755890919138991
    1.500000      -1.0619299035579297      -1.0619383032254417      -1.0619383032238348      -1.0619635048481413      -1.0619635048504823      -1.0619340577676080      -1.0619340577685263      -1.0619465207571062      -1.0619465207572250
    1.600000      -1.0498551150052853      -1.0498638154671112      -1.0498638154661155      -1.0498899202322589      -1.0498899202381644      -1.0498594036355944      -1.0498594036372393      -1.0498722699284257      -1.0498722699285639
    1.700000      -1.0394206335176386      -1.0394294454356094      -1.0394294454341471      -1.0394558853798528      -1.0394558853876155      -1.0394250200876733      -1.0394250200900035      -1.0394381802217194      -1.0394381802218757
    1.800000      -1.0306003566133985      -1.0306090973983904      -1.0306090973966815      -1.0306353247148738      -1.0306353247195115      -1.0306048082673898      -1.0306048082704011      -1.0306181636537102      -1.0306181636534633
    1.900000      -1.0232972344866262      -1.0233057490854260      -1.0233057490835760      -1.0233312985276359      -1.0233312985331540      -1.0233017237007285      -1.0233017237041888      -1.0233151918167815      -1.0233151918165468
    2.000000      -1.0173660345895095      -1.0173742097182044      -1.0173742097151059      -1.0173987411749661      -1.0173987411810426      -1.0173705401203850      -1.0173705401241135      -1.0173840571987396      -1.0173840571985451
    2.100000      -1.0126336700601031      -1.0126414389538760      -1.0126414389507399      -1.0126647518529026      -1.0126647518591643      -1.0126381769165931      -1.0126381769203905      -1.0126516979577629      -1.0126516979576008
    2.200000      -1.0089171294032677      -1.0089244679086053      -1.0089244679055520      -1.0089464895558979      -1.0089464895620008      -1.0089216281252755      -1.0089216281289637      -1.0089351247605183      -1.0089351247603568
    2.300000      -1.0060380921147996      -1.0060450092946840      -1.0060450092917101      -1.0060657666981603      -1.0060657667038562      -1.0060425776625128      -1.0060425776659703      -1.0060560347895400      -1.0060560347894412
    2.400000      -1.0038333273659994      -1.0038398543545244      -1.0038398543518710      -1.0038594407630592      -1.0038594407682238      -1.0038377979122100      -1.0038377979153932      -1.0038512100300940      -1.0038512100300478
    2.500000      -1.0021606570078678      -1.0021668368742296      -1.0021668368715928      -1.0021853814358670      -1.0021853814404529      -1.0021651128112439      -1.0021651128141504      -1.0021784807117540      -1.0021784807117333
    2.600000      -1.0009010589000640      -1.0009069389658476      -1.0009069389634024      -1.0009245835982443      -1.0009245835967178      -1.0009055014533019      -1.0009055014546286      -1.0009188295885103      -1.0009188295885016
    2.700000      -0.9999579736481827      -0.9999636003649088      -0.9999636003627372      -0.9999804844464626      -0.9999804844443347      -0.9999624050180962      -0.9999624050194049      -0.9999756996030931      -0.9999756996030906
    2.800000      -0.9992549558938835      -0.9992603719541941      -0.9992603719523434      -0.9992766235680723      -0.9992766235589716      -0.9992593783291110      -0.9992593783302994      -0.9992726460806551      -0.9992726460806434
    2.900000      -0.9987326081415968      -0.9987378510957718      -0.9987378510938574      -0.9987535829816052      -0.9987535829730285      -0.9987370237771371      -0.9987370237783069      -0.9987502711490392      -0.9987502711490301
    3.000000      -0.9983454296995860      -0.9983505316601977      -0.9983505316585988      -0.9983658401826945      -0.9983658401747693      -0.9983498404691393      -0.9983498404703004      -0.9983630732366584      -0.9983630732366677
    3.100000      -0.9980589347941619      -0.9980639226388955      -0.9980639226371130      -0.9980788884790058      -0.9980788884713018      -0.9980633423344528      -0.9980633423355493      -0.9980765654125986      -0.9980765654126132
    3.200000      -0.9978471920127189      -0.9978520879107794      -0.9978520879090439      -0.9978667776227096      -0.9978667776152931      -0.9978515976644159      -0.9978515976654597      -0.9978648150734352      -0.9978648150734951
    3.300000      -0.9976908153625726      -0.9976956374002247      -0.9976956373984963      -0.9977101052853546      -0.9977101052781489      -0.9976952201841686      -0.9976952201851573      -0.9977084351010365      -0.9977084351010569
    3.400000      -0.9975753733962989      -0.9975801362087418      -0.9975801362070313      -0.9975944262079834      -0.9975944262009249      -0.9975797781986822      -0.9975797781996227      -0.9975929930545058      -0.9975929930544973
    3.500000      -0.9974901564172073      -0.9974948717691833      -0.9974948717674977      -0.9975090192129864      -0.9975090192060355      -0.9974945617994510      -0.9974945618003611      -0.9975077783955898      -0.9975077783955778
    3.600000      -0.9974272356997802      -0.9974319130044649      -0.9974319130027915      -0.9974459461541154      -0.9974459461472336      -0.9974316420935880      -0.9974316420944818      -0.9974448617195311      -0.9974448617195117
    3.700000      -0.9973807530307965      -0.9973853997814930      -0.9973853997798063      -0.9973993411455613      -0.9973993411387141      -0.9973851607301261      -0.9973851607310020      -0.9973983842727789      -0.9973983842727494
    3.800000      -0.9973463875980387      -0.9973510097405572      -0.9973510097388339      -0.9973648771769857      -0.9973648771701465      -0.9973507967958625      -0.9973507967967220      -0.9973640248338026      -0.9973640248348642
    3.900000      -0.9973209573714396      -0.9973255596069862      -0.9973255596052751      -0.9973393672341900      -0.9973393672273395      -0.9973253681857827      -0.9973253681866249      -0.9973386010717790      -0.9973386010727648
    4.000000      -0.9973021215919969      -0.9973067076244090      -0.9973067076227132      -0.9973204665678111      -0.9973204665609395      -0.9973065340852280      -0.9973065340860426      -0.9973197720060801      -0.9973197720060519
    4.100000      -0.9972881591010692      -0.9972927318400087      -0.9972927318383393      -0.9973064508411578      -0.9973064508342493      -0.9972925732965174      -0.9972925732973170      -0.9973058163227895      -0.9973058163226118
    4.200000      -0.9972778036607991      -0.9972823653871797      -0.9972823653855435      -0.9972960512988646      -0.9972960512919106      -0.9972822195552634      -0.9972822195560255      -0.9972954676773659      -0.9972954676770541
    4.300000      -0.9972701221901241      -0.9972746746898198      -0.9972746746882080      -0.9972883328777671      -0.9972883328707649      -0.9972745397623650      -0.9972745397631124      -0.9972877929164794      -0.9972877929160475
    4.400000      -0.9972644253064925      -0.9972689699783089      -0.9972689699767486      -0.9972826046460953      -0.9972826046390372      -0.9972688445230541      -0.9972688445237671      -0.9972821026088944      -0.9972821026083648
    4.500000      -0.9972602020638784      -0.9972647400070788      -0.9972647400055582      -0.9972783544577853      -0.9972783544506677      -0.9972646228833023      -0.9972646228839738      -0.9972778857761141      -0.9972778857755139
    4.600000      -0.9972570726297759      -0.9972616047131352      -0.9972616047116597      -0.9972752015587057      -0.9972752015515324      -0.9972614950045712      -0.9972614950052016      -0.9972747625627280      -0.9972747625620760
    4.700000      -0.9972547540678759      -0.9972592809859527      -0.9972592809845319      -0.9972728623129953      -0.9972728623057464      -0.9972591779471481      -0.9972591779477459      -0.9972724500169735      -0.9972724500162892
    4.800000      -0.9972530355554924      -0.9972575578703812      -0.9972575578689952      -0.9972711253696686      -0.9972711253623695      -0.9972574608845809      -0.9972574608851449      -0.9972707373033626      -0.9972707373026776
    4.900000      -0.9972517602875235      -0.9972562784645995      -0.9972562784632886      -0.9972698335306744      -0.9972698335232977      -0.9972561870113394      -0.9972561870118766      -0.9972694676094005      -0.9972694676087228
    5.000000      -0.9972508121083625      -0.9972553265370065      -0.9972553265357300      -0.9972688703429531      -0.9972688703355155      -0.9972552401676058      -0.9972552401681223      -0.9972685247698796      -0.9972685247692230
