# molecule         = H2
# geometry         = H 0 0 0; H 0 0 {R:.6f}
# basis            = sadlej
# basis_source     = sadlej.gbs
# lambda           = 0.025000
# omega            = 0.020100
# mode_dir         = [0.0, 0.0, 1.0]
# scheme           = axial
# offdiag          = none
# method           = QED-FCI
# nboson_max       = 8
# n_fock_states    = 9
# ff_step_h        = 0.001
# n_field_points   = 9
# fci_tol          = 1e-11
# fci_max_cycle    = 300
# scf_conv_tol     = 1e-12
# center_geometry  = True
# frozen_core_orbitals = 0
# coherent_state   = True
# z_selfconsistent_iter = 0
# R_range_Ang      = 0.4:0.1:5.0
# R_e_ref_Ang      = 0.7414
# pyscf            = 2.11.0
# python           = 3.13.12
# host             = fedora
# date             = 2026-08-17 22:02:21
# columns          = R,fci[0],fci[+z],fci[-z],fci[+2z],fci[-2z],fci[+x],fci[-x],fci[+2x],fci[-2x]
    0.500000      -1.0699321819393759      -1.0699341716039823      -1.0699341716037611      -1.0699401407385991      -1.0699401407386977      -1.0699336331780083      -1.0699336331785976      -1.0699379868969829      -1.0699379868970313
    0.600000      -1.1327359198750016      -1.1327383832176989      -1.1327383832178117      -1.1327457735103710      -1.1327457735102369      -1.1327376551414676      -1.1327376551414321      -1.1327428610257713      -1.1327428610257690
    0.700000      -1.1567365107209104      -1.1567395311804107      -1.1567395311807402      -1.1567485929051893      -1.1567485929050592      -1.1567385503603016      -1.1567385503603913      -1.1567446693911823      -1.1567446693911845
    0.800000      -1.1603477850000108      -1.1603514406205533      -1.1603514406212501      -1.1603624079338251      -1.1603624079338175      -1.1603501399175271      -1.1603501399177494      -1.1603572048149300      -1.1603572048149224
    0.900000      -1.1531286804540486      -1.1531330393484491      -1.1531330393481487      -1.1531461166202350      -1.1531461166201997      -1.1531313524611255      -1.1531313524611417      -1.1531393686710967      -1.1531393686710798
    1.000000      -1.1403253159738034      -1.1403304299895636      -1.1403304299897266      -1.1403457727727448      -1.1403457727726618      -1.1403282983101550      -1.1403282983101777      -1.1403372455275020      -1.1403372455274940
    1.100000      -1.1249472711223623      -1.1249531678476201      -1.1249531678479114      -1.1249708589783760      -1.1249708589781924      -1.1249505489992044      -1.1249505489992768      -1.1249603828834260      -1.1249603828834041
    1.200000      -1.1087788266880456      -1.1087855008325964      -1.1087855008329903      -1.1088055245009465      -1.1088055245006418      -1.1087823780559636      -1.1087823780560666      -1.1087930324522524      -1.1087930324522235
    1.300000      -1.0929011360258492      -1.0929085417339031      -1.0929085417337920      -1.0929307604547427      -1.0929307604549092      -1.0929049325264124      -1.0929049325265843      -1.0929163223479743      -1.0929163223479459
    1.400000      -1.0779722254674839      -1.0779802719218905      -1.0779802719216349      -1.0780044133814386      -1.0780044133818252      -1.0779762336993111      -1.0779762336996597      -1.0779882587506151      -1.0779882587505769
    1.500000      -1.0643798528331847      -1.0643884056868598      -1.0643884056865354      -1.0644140669921442      -1.0644140669915694      -1.0643840360678873      -1.0643840360683761      -1.0643965861614380      -1.0643965861613829
    1.600000      -1.0523279478080620      -1.0523368381215148      -1.0523368381210942      -1.0523635125648734      -1.0523635125640001      -1.0523322681351723      -1.0523322681352154      -1.0523452295050693      -1.0523452295049978
    1.700000      -1.0418893010193413      -1.0418983414583827      -1.0418983414577472      -1.0419254671845728      -1.0419254671833706      -1.0418937216833402      -1.0418937216834037      -1.0419069841157413      -1.0419069841156503
    1.800000      -1.0330410677901529      -1.0330500734706853      -1.0330500734707733      -1.0330770958057731      -1.0330770958043014      -1.0330455555093989      -1.0330455555094966      -1.0330590191297744      -1.0330590191296709
    1.900000      -1.0256913357020623      -1.0257001447097691      -1.0257001447099241      -1.0257265777995135      -1.0257265777978450      -1.0256958623921331      -1.0256958623922627      -1.0257094429382021      -1.0257094429380837
    2.000000      -1.0197010539624285      -1.0197095426177096      -1.0197095426180078      -1.0197350151729956      -1.0197350151712339      -1.0197055977201481      -1.0197055977203109      -1.0197192294331805      -1.0197192294330570
    2.100000      -1.0149033551979676      -1.0149114447593885      -1.0149114447596790      -1.0149357203766998      -1.0149357203749374      -1.0149079003367227      -1.0149079003369037      -1.0149215362387889      -1.0149215362386890
    2.200000      -1.0111206132490054      -1.0111282681941542      -1.0111282681945124      -1.0111512399806677      -1.0111512399789890      -1.0111251497564366      -1.0111251497566254      -1.0111387597524313      -1.0111387597532591
    2.300000      -1.0081785405448591      -1.0081857606308415      -1.0081857606312843      -1.0082074276290682      -1.0082074276275315      -1.0081830629455339      -1.0081830629457114      -1.0081966306157544      -1.0081966306158168
    2.400000      -1.0059164666970701      -1.0059232765165602      -1.0059232765171140      -1.0059437123457824      -1.0059437123444031      -1.0059209728642513      -1.0059209728644076      -1.0059344918429831      -1.0059344918435622
    2.500000      -1.0041934798453500      -1.0041999186995860      -1.0041999187008182      -1.0042192411515627      -1.0042192411503970      -1.0041979698974732      -1.0041979698972034      -1.0042114405356000      -1.0042114405365037
    2.600000      -1.0028908532336060      -1.0028969669646204      -1.0028969669651673      -1.0029153135035609      -1.0029153135025055      -1.0028953286226259      -1.0028953286223916      -1.0029087552758127      -1.0029087552757878
    2.700000      -1.0019116913371946      -1.0019175266194078      -1.0019175266199016      -1.0019350372424773      -1.0019350372415208      -1.0019161541913935      -1.0019161541911916      -1.0019295432240660      -1.0019295432240511
    2.800000      -1.0011788643874857      -1.0011844652113902      -1.0011844652118904      -1.0012012719309016      -1.0012012719300301      -1.0011833170434647      -1.0011833170433169      -1.0011966754855934      -1.0011966754855861
    2.900000      -1.0006321456483869      -1.0006375515285701      -1.0006375515291237      -1.0006537728983476      -1.0006537728975671      -1.0006365904017063      -1.0006365904016208      -1.0006499251113807      -1.0006499251113838
    3.000000      -1.0002251902145765      -1.0002304354634208      -1.0002304354638691      -1.0002461745073803      -1.0002461745065632      -1.0002296291242383      -1.0002296291242170      -1.0002429463197069      -1.0002429463186524
    3.100000      -0.9999227258260942      -0.9999278396009154      -0.9999278396015300      -0.9999431838176577      -0.9999431838169645      -0.9999271606876147      -0.9999271606876751      -0.9999404657291776      -0.9999404657284926
    3.200000      -0.9996981265107187      -0.9997031331604848      -0.9997031331608649      -0.9997181556534910      -0.9997181556526916      -0.9997025588015908      -0.9997025588016718      -0.9997158561330765      -0.9997158561327731
    3.300000      -0.9995314135497381      -0.9995363331774280      -0.9995363331777739      -0.9995510943029006      -0.9995510943021179      -0.9995358444588490      -0.9995358444589441      -0.9995491376457727      -0.9995491376456739
    3.400000      -0.9994076611141933      -0.9994125101732898      -0.9994125101735920      -0.9994270593268795      -0.9994270593260821      -0.9994120915695155      -0.9994120915696016      -0.9994253833886637      -0.9994253833891784
    3.500000      -0.9993157534058433      -0.9993205452697475      -0.9993205452700410      -0.9993349226126670      -0.9993349226118798      -0.9993201841074256      -0.9993201841075060      -0.9993334766629284      -0.9993334766634482
    3.600000      -0.9992474315259900      -0.9992521770133866      -0.9992521770136726      -0.9992664150345032      -0.9992664150337272      -0.9992518629898834      -0.9992518629899494      -0.9992651578298346      -0.9992651578303051
    3.700000      -0.9991965707189432      -0.9992012785453943      -0.9992012785456501      -0.9992154034221024      -0.9992154034213530      -0.9992010033118108      -0.9992010033126641      -0.9992143015418249      -0.9992143015422346
    3.800000      -0.9991586361668151      -0.9991633133328029      -0.9991633133330821      -0.9991773460877532      -0.9991773460869952      -0.9991630701441109      -0.9991630701449380      -0.9991763725236938      -0.9991763725240538
    3.900000      -0.9991302748565171      -0.9991349269662991      -0.9991349269655428      -0.9991488844347566      -0.9991488844340098      -0.9991347103841272      -0.9991347103849292      -0.9991480174124528      -0.9991480174127966
    4.000000      -0.9991090101295187      -0.9991136416599237      -0.9991136416592005      -0.9991275372909781      -0.9991275372902434      -0.9991134473089441      -0.9991134473097164      -0.9991267592912504      -0.9991267592915803
    4.100000      -0.9990930134793750      -0.9990976279992427      -0.9990976279985313      -0.9991114725150949      -0.9991114725143659      -0.9990974523649809      -0.9990974523657326      -0.9991107694649992      -0.9991107694653116
    4.200000      -0.9990809344928210      -0.9990855348436033      -0.9990855348429341      -0.9990993367802853      -0.9990993367795798      -0.9990853751056553      -0.9990853751063934      -0.9990986973852355      -0.9990986973855124
    4.300000      -0.9990717746376128      -0.9990763630794608      -0.9990763630788118      -0.9990901292290888      -0.9990901292283934      -0.9990762169737155      -0.9990762169744341      -0.9990895444219170      -0.9990895444221373
    4.400000      -0.9990647940971621      -0.9990693724301803      -0.9990693724295533      -0.9990831082020540      -0.9990831082013690      -0.9990692381355778      -0.9990692381362855      -0.9990825706894765      -0.9990825706896097
    4.500000      -0.9990594434103507      -0.9990640130719631      -0.9990640130713594      -0.9990777227861950      -0.9990777227855304      -0.9990638891175291      -0.9990638891182179      -0.9990772266767373      -0.9990772266767759
    4.600000      -0.9990553135538859      -0.9990598756981414      -0.9990598756975529      -0.9990735628231194      -0.9990735628224691      -0.9990597608872495      -0.9990597608879218      -0.9990731033238979      -0.9990731033238668
    4.700000      -0.9990520995731166      -0.9990566551338887      -0.9990566551333159      -0.9990703224766623      -0.9990703224760159      -0.9990565484831552      -0.9990565484838086      -0.9990698956488629      -0.9990698956487593
    4.800000      -0.9990495740312791      -0.9990541237728455      -0.9990541237722866      -0.9990677736300487      -0.9990677736294157      -0.9990540244635265      -0.9990540244641596      -0.9990673761942587      -0.9990673761941172
    4.900000      -0.9990475674995707      -0.9990521120566094      -0.9990521120561067      -0.9990657463324235      -0.9990657463318038      -0.9990520193966004      -0.9990520193972161      -0.9990653755163876      -0.9990653755162091
    5.000000      -0.9990459540777530      -0.9990504939815246      -0.9990504939810452      -0.9990641142782215      -0.9990641142776127      -0.9990504073761046      -0.9990504073766910      -0.9990637677000589      -0.9990637676998615
