# molecule         = H2
# geometry         = H 0 0 0; H 0 0 {R:.6f}
# basis            = sadlej
# basis_source     = sadlej.gbs
# lambda           = 0.050000
# omega            = 0.020100
# mode_dir         = [0.0, 0.0, 1.0]
# scheme           = axial
# offdiag          = none
# method           = QED-FCI
# nboson_max       = 8
# n_fock_states    = 9
# ff_step_h        = 0.001
# n_field_points   = 9
# fci_tol          = 1e-11
# fci_max_cycle    = 300
# scf_conv_tol     = 1e-12
# center_geometry  = True
# frozen_core_orbitals = 0
# coherent_state   = True
# z_selfconsistent_iter = 0
# R_range_Ang      = 0.4:0.1:5.0
# R_e_ref_Ang      = 0.7414
# pyscf            = 2.11.0
# python           = 3.13.12
# host             = fedora
# date             = 2026-08-17 22:03:09
# columns          = R,mu_abs,mu_x,mu_y,mu_z,a_xx,a_yy,a_zz,a_xz,a_iso,err_xx,err_yy,err_zz,dse_mu_z,dse_a_xx,dse_a_yy,dse_a_zz,dse_a_iso,boson_gap,status
#             R         mu_abs           mu_x           mu_y           mu_z           a_xx           a_yy           a_zz           a_xz          a_iso         err_xx         err_yy         err_zz       dse_mu_z       dse_a_xx       dse_a_yy       dse_a_zz      dse_a_iso      boson_gap         status
     0.400000  FAILED  # быстрая свёртка расходится с эталонной
     0.500000       0.000000       0.000000       0.000000      -0.000000       2.890727       2.890727       3.938135       0.000000       3.239863       0.000007       0.000007       0.000072       0.000000       2.889499       2.889499       3.895347       3.224781            nan  OK
     0.600000       0.000000       0.000000       0.000000      -0.000000       3.455262       3.455262       4.877256       0.000000       3.929260       0.000046       0.000046       0.000128      -0.000000       3.453594       3.453594       4.812818       3.906668            nan  OK
     0.700000       0.000000      -0.000000       0.000000      -0.000000       4.060176       4.060176       5.981668       0.000000       4.700674       0.000057       0.000057       0.000164      -0.000000       4.057912       4.057912       5.886174       4.667333            nan  OK
     0.800000       0.000000      -0.000000       0.000000       0.000000       4.686625       4.686625       7.240358       0.000000       5.537869       0.000074       0.000074       0.000215      -0.000000       4.683672       4.683672       7.102226       5.489857            nan  OK
     0.900000       0.000000      -0.000000       0.000000      -0.000000       5.316470       5.316470       8.632967       0.000000       6.421969       0.000092       0.000092       0.000277       0.000000       5.312741       5.312741       8.438691       6.354724            nan  OK
     1.000000       0.000000      -0.000000       0.000000      -0.000000       5.932559       5.932559      10.125967       0.000000       7.330362       0.000109       0.000109       0.000354       0.000000       5.927978       5.927978       9.860995       7.238984            nan  OK
     1.100000       0.000000      -0.000000       0.000000      -0.000000       6.518873       6.518873      11.669279       0.000000       8.235675       0.000119       0.000119       0.000447      -0.000000       6.513374       6.513374      11.319621       8.115457            nan  OK
     1.200000       0.000000      -0.000000       0.000000      -0.000000       7.060830       7.060830      13.194852       0.000000       9.105504       0.000137       0.000137       0.000581      -0.000000       7.054391       7.054391      12.749471       8.952751            nan  OK
     1.300000       0.000000      -0.000000       0.000000       0.000000       7.545844       7.545844      14.618972       0.000000       9.903553       0.000144       0.000144       0.000751       0.000000       7.538431       7.538431      14.072571       9.716478            nan  OK
     1.400000       0.000000      -0.000000       0.000000       0.000000       7.963836       7.963836      15.849486       0.000000      10.592386       0.000175       0.000175       0.001009      -0.000000       7.955497       7.955497      15.205243      10.372079            nan  OK
     1.500000       0.000000      -0.000000       0.000000       0.000000       8.308360       8.308360      16.798896       0.000000      11.138539       0.000179       0.000179       0.001312       0.000000       8.299093       8.299093      16.069800      10.889329            nan  OK
     1.600000       0.000000      -0.000000       0.000000       0.000000       8.577196       8.577196      17.400359       0.000000      11.518250       0.000199       0.000199       0.001692      -0.000000       8.567115       8.567115      16.608789      11.247673            nan  OK
     1.700000       0.000000      -0.000000       0.000000       0.000000       8.773073       8.773073      17.623135       0.000000      11.723093       0.000210       0.000210       0.002099      -0.000000       8.762310       8.762310      16.797812      11.440811            nan  OK
     1.800000       0.000000      -0.000000       0.000000       0.000000       8.903241       8.903241      17.480740       0.000000      11.762408       0.000209       0.000209       0.002484      -0.000000       8.891989       8.891989      16.652130      11.478703            nan  OK
     1.900000       0.000000      -0.000000       0.000000       0.000000       8.978354       8.978354      17.028254       0.000000      11.661654       0.000233       0.000233       0.002826       0.000000       8.966909       8.966909      16.223776      11.385865            nan  OK
     2.000000       0.000000      -0.000000       0.000000       0.000000       9.010986       9.010986      16.349241       0.000000      11.457071       0.000239       0.000239       0.003040      -0.000000       8.999590       8.999590      15.589591      11.196257            nan  OK
     2.100000       0.000000      -0.000000       0.000000       0.000000       9.013639       9.013639      15.536747       0.000000      11.188008       0.000232       0.000232       0.003114       0.000000       9.002527       9.002527      14.834566      10.946540            nan  OK
     2.200000       0.000000      -0.000000       0.000000       0.000000       8.997371       8.997371      14.675984       0.000000      10.890242       0.000231       0.000231       0.003070       0.000000       8.986758       8.986758      14.036434      10.669983            nan  OK
     2.300000       0.000000      -0.000000       0.000000       0.000000       8.971019       8.971019      13.833378       0.000000      10.591806       0.000238       0.000238       0.002936       0.000000       8.961065       8.961065      13.255855      10.392662            nan  OK
     2.400000       0.000000      -0.000000       0.000000       0.000000       8.941017       8.941017      13.053066       0.000000      10.311700       0.000236       0.000236       0.002725      -0.000000       8.931784       8.931784      12.533219      10.132263            nan  OK
     2.500000       0.000000      -0.000000       0.000000       0.000000       8.911529       8.911529      12.358902       0.000000      10.060653       0.000242       0.000242       0.002485       0.000000       8.903056       8.903056      11.890477       9.898863            nan  OK
     2.600000       0.000000      -0.000000       0.000000       0.000000       8.885029       8.885029      11.759389       0.000000       9.843149       0.000236       0.000236       0.002220       0.000000       8.877277       8.877277      11.335456       9.696670            nan  OK
     2.700000       0.000000      -0.000000       0.000000       0.000000       8.862662       8.862662      11.252776       0.000000       9.659367       0.000236       0.000236       0.001967      -0.000000       8.855594       8.855594      10.866591       9.525926            nan  OK
     2.800000       0.000000      -0.000000       0.000000       0.000000       8.844798       8.844798      10.831547       0.000000       9.507047       0.000222       0.000222       0.001716       0.000000       8.838325       8.838325      10.476917       9.384522            nan  OK
     2.900000       0.000000      -0.000000       0.000000       0.000000       8.831195       8.831195      10.485403       0.000000       9.382598       0.000231       0.000231       0.001511      -0.000000       8.825288       8.825288      10.156955       9.269177            nan  OK
     3.000000       0.000000      -0.000000       0.000000       0.000000       8.821464       8.821464      10.203480       0.000000       9.282136       0.000228       0.000228       0.001320       0.000000       8.816030       8.816030       9.896572       9.176211            nan  OK
     3.100000       0.000000      -0.000000       0.000000       0.000000       8.815006       8.815006       9.975303       0.000000       9.201772       0.000228       0.000228       0.001153      -0.000000       8.809979       8.809979       9.686058       9.102006            nan  OK
     3.200000       0.000000      -0.000000       0.000000       0.000000       8.811229       8.811229       9.791458       0.000000       9.137972       0.000226       0.000226       0.001009      -0.000000       8.806545       8.806545       9.516657       9.043249            nan  OK
     3.300000       0.000000      -0.000000       0.000000       0.000000       8.809569       8.809569       9.643778       0.000000       9.087639       0.000225       0.000225       0.000886       0.000000       8.805171       8.805171       9.380773       8.997039            nan  OK
     3.400000       0.000000      -0.000000       0.000000       0.000000       8.809531       8.809531       9.525363       0.000000       9.048142       0.000223       0.000223       0.000781       0.000000       8.805368       8.805368       9.271983       8.960907            nan  OK
     3.500000       0.000000      -0.000000       0.000000       0.000000       8.810691       8.810691       9.430471       0.000000       9.017284       0.000224       0.000224       0.000694       0.000000       8.806722       8.806722       9.184951       8.932798            nan  OK
     3.600000       0.000000      -0.000000       0.000000       0.000000       8.812715       8.812715       9.354402       0.000000       8.993277       0.000221       0.000221       0.000618      -0.000000       8.808898       8.808898       9.115296       8.911031            nan  OK
     3.700000       0.000000      -0.000000       0.000000       0.000000       8.815326       8.815326       9.293314       0.000000       8.974655       0.000221       0.000221       0.000556      -0.000000       8.811634       8.811634       9.059458       8.894242            nan  OK
     3.800000       0.000000      -0.000000       0.000000       0.000000       8.818323       8.818323       9.244115       0.000000       8.960253       0.000222       0.000222       0.000504       0.000000       8.814729       8.814729       9.014561       8.881340            nan  OK
     3.900000       0.000000      -0.000000       0.000000       0.000000       8.821556       8.821556       9.204316       0.000000       8.949143       0.000221       0.000221       0.000460       0.000000       8.818037       8.818037       8.978293       8.871456            nan  OK
     4.000000       0.000000      -0.000000       0.000000       0.000000       8.824914       8.824914       9.171922       0.000000       8.940583       0.000220       0.000220       0.000423       0.000000       8.821451       8.821451       8.948810       8.863904            nan  OK
     4.100000       0.000000      -0.000000       0.000000       0.000000       8.828319       8.828319       9.145346       0.000000       8.933994       0.000219       0.000219       0.000392       0.000000       8.824898       8.824898       8.924643       8.858146            nan  OK
     4.200000       0.000000      -0.000000       0.000000       0.000000       8.831717       8.831717       9.123329       0.000000       8.928921       0.000219       0.000219       0.000366      -0.000000       8.828327       8.828327       8.904632       8.853762            nan  OK
     4.300000       0.000000      -0.000000       0.000000       0.000000       8.835073       8.835073       9.104883       0.000000       8.925009       0.000218       0.000218       0.000344      -0.000000       8.831704       8.831704       8.887864       8.850424            nan  OK
     4.400000       0.000000      -0.000000       0.000000       0.000000       8.838361       8.838361       9.089233       0.000000       8.921985       0.000217       0.000217       0.000326       0.000000       8.835007       8.835007       8.873629       8.847881            nan  OK
     4.500000       0.000000      -0.000000       0.000000       0.000000       8.841567       8.841567       9.075781       0.000000       8.919639       0.000216       0.000216       0.000310      -0.000000       8.838221       8.838221       8.861379       8.845940            nan  OK
     4.600000       0.000000      -0.000000       0.000000       0.000000       8.844678       8.844678       9.064066       0.000000       8.917807       0.000216       0.000216       0.000297       0.000000       8.841337       8.841337       8.850693       8.844455            nan  OK
     4.700000       0.000000      -0.000000       0.000000       0.000000       8.847687       8.847687       9.053739       0.000000       8.916371       0.000215       0.000215       0.000286      -0.000000       8.844347       8.844347       8.841254       8.843316            nan  OK
     4.800000       0.000000      -0.000000       0.000000       0.000000       8.850587       8.850587       9.044536       0.000000       8.915237       0.000215       0.000215       0.000277       0.000000       8.847247       8.847247       8.832824       8.842439            nan  OK
     4.900000       0.000000      -0.000000       0.000000       0.000000       8.853377       8.853377       9.036264       0.000000       8.914339       0.000213       0.000213       0.000267       0.000000       8.850032       8.850032       8.825226       8.841764            nan  OK
     5.000000       0.000000      -0.000000       0.000000       0.000000       8.856048       8.856048       9.028770       0.000000       8.913622       0.000212       0.000212       0.000259      -0.000000       8.852700       8.852700       8.818328       8.841243       0.000000  OK
