# molecule         = H2
# geometry         = H 0 0 0; H 0 0 {R:.6f}
# basis            = sadlej
# basis_source     = sadlej.gbs
# lambda           = 0.010000
# omega            = 0.020100
# mode_dir         = [0.0, 0.0, 1.0]
# scheme           = axial
# offdiag          = none
# method           = QED-FCI
# nboson_max       = 8
# n_fock_states    = 9
# ff_step_h        = 0.001
# n_field_points   = 9
# fci_tol          = 1e-11
# fci_max_cycle    = 300
# scf_conv_tol     = 1e-12
# center_geometry  = True
# frozen_core_orbitals = 0
# coherent_state   = True
# z_selfconsistent_iter = 0
# R_range_Ang      = 0.4:0.1:5.0
# R_e_ref_Ang      = 0.7414
# pyscf            = 2.11.0
# python           = 3.13.12
# host             = fedora
# date             = 2026-08-17 22:01:35
# columns          = R,fci[0],fci[+z],fci[-z],fci[+2z],fci[-2z],fci[+x],fci[-x],fci[+2x],fci[-2x]
    0.500000      -1.0702799972837271      -1.0702819929188034      -1.0702819929186755      -1.0702879800058891      -1.0702879800056067      -1.0702814501873565      -1.0702814501875511      -1.0702858089380951      -1.0702858089381386
    0.600000      -1.1331223925325753      -1.1331248630651969      -1.1331248630649207      -1.1331322749315349      -1.1331322749315185      -1.1331241299790997      -1.1331241299796277      -1.1331293424059476      -1.1331293424059459
    0.700000      -1.1571643575534698      -1.1571673866474956      -1.1571673866476764      -1.1571764742821355      -1.1571764742819952      -1.1571663999240762      -1.1571663999241451      -1.1571725271500966      -1.1571725271500912
    0.800000      -1.1608182908596336      -1.1608219568271034      -1.1608219568274276      -1.1608329551927601      -1.1608329551924912      -1.1608206490986257      -1.1608206490988084      -1.1608277239670124      -1.1608277239670048
    0.900000      -1.1536418238624837      -1.1536461951614048      -1.1536461951611685      -1.1536593096500438      -1.1536593096507379      -1.1536444998228861      -1.1536444998232627      -1.1536525278896153      -1.1536525278896068
    1.000000      -1.1408797983247223      -1.1408849272734778      -1.1408849272729964      -1.1409003148717813      -1.1409003148717294      -1.1408827852744192      -1.1408827852751702      -1.1408917463401629      -1.1408917463401540
    1.100000      -1.1255404793257875      -1.1255463942184472      -1.1255463942186763      -1.1255641398716372      -1.1255641398715428      -1.1255437625165974      -1.1255437625166562      -1.1255536123501542      -1.1255536123501415
    1.200000      -1.1094067796969718      -1.1094134762706758      -1.1094134762710315      -1.1094335672374993      -1.1094335672373559      -1.1094103371224757      -1.1094103371225690      -1.1094210096872525      -1.1094210096872321
    1.300000      -1.0935584866999233      -1.0935659204938353      -1.0935659204943917      -1.0935882234908516      -1.0935882234906980      -1.0935622900361861      -1.0935622900363158      -1.0935737003627115      -1.0935737003626889
    1.400000      -1.0786523920559237      -1.0786604739853971      -1.0786604739852652      -1.0786847218924096      -1.0786847218928486      -1.0786564079337857      -1.0786564079340146      -1.0786684559232684      -1.0786684559232416
    1.500000      -1.0650753285330401      -1.0650839261041098      -1.0650839261039953      -1.0651097215655632      -1.0651097215655283      -1.0650795202466075      -1.0650795202468977      -1.0650920957526833      -1.0650920957526431
    1.600000      -1.0530307921530071      -1.0530397379560306      -1.0530397379558651      -1.0530665789339551      -1.0530665789339118      -1.0530351217462453      -1.0530351217465626      -1.0530481109441465      -1.0530481109441070
    1.700000      -1.0425917632384141      -1.0426008707317522      -1.0426008707315724      -1.0426281976625096      -1.0426281976624483      -1.0425961939209758      -1.0425961939209798      -1.0426094863950111      -1.0426094863949635
    1.800000      -1.0337362406878445      -1.0337453245178594      -1.0337453245175379      -1.0337725813848140      -1.0337725813847403      -1.0337407390386364      -1.0337407390386426      -1.0337542345533439      -1.0337542345532933
    1.900000      -1.0263737066494909      -1.0263826031188783      -1.0263826031191474      -1.0264092986914406      -1.0264092986913391      -1.0263782444291050      -1.0263782444291210      -1.0263918582194742      -1.0263918582194256
    2.000000      -1.0203668332056737      -1.0203754157127691      -1.0203754157130269      -1.0204011700199644      -1.0204011700198332      -1.0203713882885974      -1.0203713882886238      -1.0203850540077943      -1.0203850540077493
    2.100000      -1.0155505232887665      -1.0155587096549354      -1.0155587096551213      -1.0155832759017249      -1.0155832759015639      -1.0155550798164670      -1.0155550798164985      -1.0155687498899606      -1.0155687498899264
    2.200000      -1.0117487153731470      -1.0117564666398737      -1.0117564666400947      -1.0117797276599649      -1.0117797276597982      -1.0117532631425188      -1.0117532631425612      -1.0117669069432638      -1.0117669069440840
    2.300000      -1.0087883205759358      -1.0087956336048831      -1.0087956336051629      -1.0088175797307051      -1.0088175797305547      -1.0087928539767892      -1.0087928539768385      -1.0088064546670099      -1.0088064546671636
    2.400000      -1.0065094532703831      -1.0065163505287880      -1.0065163505289789      -1.0065370489921088      -1.0065370489919727      -1.0065139700799117      -1.0065139700806383      -1.0065275210104450      -1.0065275210108948
    2.500000      -1.0047716126656741      -1.0047781321464724      -1.0047781321465123      -1.0047976967838932      -1.0047976967838168      -1.0047761129568586      -1.0047761129571868      -1.0047896143205464      -1.0047896143212218
    2.600000      -1.0034561959515509      -1.0034623828838229      -1.0034623828834959      -1.0034809493193046      -1.0034809493192194      -1.0034606811570725      -1.0034606811573206      -1.0034741372580744      -1.0034741372580605
    2.700000      -1.0024662398513100      -1.0024721408279504      -1.0024721408279362      -1.0024898488299321      -1.0024898488299010      -1.0024707121012073      -1.0024707121014000      -1.0024841293320208      -1.0024841293320188
    2.800000      -1.0017244371005647      -1.0017300964146332      -1.0017300964145583      -1.0017470788637566      -1.0017470788637171      -1.0017288987688031      -1.0017288987689592      -1.0017422842402492      -1.0017422842402406
    2.900000      -1.0011703341272240      -1.0011757917882700      -1.0011757917880399      -1.0011921687698775      -1.0011921687697951      -1.0011747875299311      -1.0011747875300991      -1.0011881482123426      -1.0011881482123404
    3.000000      -1.0007573491025545      -1.0007626400609801      -1.0007626400609511      -1.0007785164662641      -1.0007785164662684      -1.0007617963578426      -1.0007617963580620      -1.0007751385966888      -1.0007751385958505
    3.100000      -1.0004499856636275      -1.0004551397284434      -1.0004551397283128      -1.0004706050300345      -1.0004706050299981      -1.0004544286022823      -1.0004544286025501      -1.0004677578881733      -1.0004677578875179
    3.200000      -1.0002214176783979      -1.0002264598477333      -1.0002264598475206      -1.0002415890897334      -1.0002415890896756      -1.0002258578239500      -1.0002258578242542      -1.0002391787268037      -1.0002391787264444
    3.300000      -1.0000514941631620      -1.0000564451477443      -1.0000564451475857      -1.0000713005074817      -1.0000713005074062      -1.0000559327440341      -1.0000559327443321      -1.0000692489461813      -1.0000692489460929
    3.400000      -0.9999251445734292      -0.9999300213751283      -0.9999300213749074      -0.9999446539092118      -0.9999446539091339      -0.9999295825479284      -0.9999295825482049      -0.9999428969316686      -0.9999428969320936
    3.500000      -0.9998311334746247      -0.9998359499652726      -0.9998359499651525      -0.9998504013204644      -0.9998504013203909      -0.9998355715776482      -0.9998355715779025      -0.9998488863397043      -0.9998488863401053
    3.600000      -0.9997611041425605      -0.9997658715757296      -0.9997658715756286      -0.9997801755513982      -0.9997801755513260      -0.9997655429153744      -0.9997655429155998      -0.9997788596841048      -0.9997788596844264
    3.700000      -0.9997088523933972      -0.9997135798659713      -0.9997135798658869      -0.9997277637849664      -0.9997277637849031      -0.9997132922263157      -0.9997132922265188      -0.9997266121748556      -0.9997266121751061
    3.800000      -0.9996697792634789      -0.9996744741069442      -0.9996744741068962      -0.9996885599861099      -0.9996885599860420      -0.9996742204302945      -0.9996742204304744      -0.9996875443764065      -0.9996875443766117
    3.900000      -0.9996404801664337      -0.9996451482703125      -0.9996451482702847      -0.9996591538033864      -0.9996591538033216      -0.9996449228484464      -0.9996449228486074      -0.9996582513388758      -0.9996582513390669
    4.000000      -0.9996184371646905      -0.9996230832515557      -0.9996230832515348      -0.9996370226251104      -0.9996370226256973      -0.9996228814764355      -0.9996228814765754      -0.9996362148552530      -0.9996362148554440
    4.100000      -0.9996017888828754      -0.9996064167325824      -0.9996064167325804      -0.9996203013019498      -0.9996203013025118      -0.9996062348897403      -0.9996062348898667      -0.9996195733518969      -0.9996195733521003
    4.200000      -0.9995891588934286      -0.9995937715265150      -0.9995937715265285      -0.9996076103678074      -0.9996076103683483      -0.9995936066239969      -0.9995936066241188      -0.9996069502559627      -0.9996069502561812
    4.300000      -0.9995795282116742      -0.9995841280415778      -0.9995841280416033      -0.9995979284068628      -0.9995979284073833      -0.9995839776685851      -0.9995839776686948      -0.9995973264783844      -0.9995973264785984
    4.400000      -0.9995721410582193      -0.9995767300150825      -0.9995767300151103      -0.9995904977042874      -0.9995904977047952      -0.9995765922253085      -0.9995765922254126      -0.9995899461641650      -0.9995899461643462
    4.500000      -0.9995664355978587      -0.9995710152284919      -0.9995710152291567      -0.9995847548934073      -0.9995847548939018      -0.9995708884448568      -0.9995708884449607      -0.9995842474224949      -0.9995842474226121
    4.600000      -0.9995619932680960      -0.9995665648203015      -0.9995665648209405      -0.9995802802086448      -0.9995802802083359      -0.9995664477546248      -0.9995664477547251      -0.9995798116499380      -0.9995798116499851
    4.700000      -0.9995585017823833      -0.9995630662688536      -0.9995630662694689      -0.9995767604241980      -0.9995767604238969      -0.9995629578604200      -0.9995629578605206      -0.9995763265290530      -0.9995763265290379
    4.800000      -0.9995557280641604      -0.9995602863150804      -0.9995602863156855      -0.9995739617337408      -0.9995739617334470      -0.9995601856783164      -0.9995601856794319      -0.9995735589591582      -0.9995735589591049
    4.900000      -0.9995534983173791      -0.9995580510237203      -0.9995580510243605      -0.9995717097784278      -0.9995717097781318      -0.9995579574116458      -0.9995579574127214      -0.9995713351278388      -0.9995713351277473
    5.000000      -0.9995516832194460      -0.9995562309602397      -0.9995562309608748      -0.9995698747955695      -0.9995698747952868      -0.9995561437304257      -0.9995561437314646      -0.9995695256960269      -0.9995695256959118
