# molecule         = H2
# geometry         = H 0 0 0; H 0 0 {R:.6f}
# basis            = sadlej
# basis_source     = sadlej.gbs
# lambda           = 0.100000
# omega            = 0.020100
# mode_dir         = [0.0, 0.0, 1.0]
# scheme           = axial
# offdiag          = none
# method           = QED-FCI
# nboson_max       = 8
# n_fock_states    = 9
# ff_step_h        = 0.001
# n_field_points   = 9
# fci_tol          = 1e-11
# fci_max_cycle    = 300
# scf_conv_tol     = 1e-12
# center_geometry  = True
# frozen_core_orbitals = 0
# coherent_state   = True
# z_selfconsistent_iter = 0
# R_range_Ang      = 0.4:0.1:5.0
# R_e_ref_Ang      = 0.7414
# pyscf            = 2.11.0
# python           = 3.13.12
# host             = fedora
# date             = 2026-08-17 22:03:58
# columns          = R,fci[0],fci[+z],fci[-z],fci[+2z],fci[-2z],fci[+x],fci[-x],fci[+2x],fci[-2x]
    0.500000      -1.0638377235805085      -1.0638396210589940      -1.0638396210589851      -1.0638453136234023      -1.0638453136227610      -1.0638391471524511      -1.0638391471522819      -1.0638434179005325      -1.0638434179005303
    0.600000      -1.1259747355729492      -1.1259770888419929      -1.1259770888422744      -1.1259841488520570      -1.1259841488524922      -1.1259764349881103      -1.1259764349882848      -1.1259815333152228      -1.1259815333152161
    0.700000      -1.1492667054991488      -1.1492695947238913      -1.1492695947234042      -1.1492782626597897      -1.1492782626591977      -1.1492687004209579      -1.1492687004215187      -1.1492746852935047      -1.1492746852934883
    0.800000      -1.1521535233702511      -1.1521570228483584      -1.1521570228482987      -1.1521675216257143      -1.1521675216240894      -1.1521558241855057      -1.1521558241857541      -1.1521627267689549      -1.1521627267689167
    0.900000      -1.1442178248148611      -1.1442219976620476      -1.1442219976618342      -1.1442345166407448      -1.1442345166426366      -1.1442204329320964      -1.1442204329326797      -1.1442282574484348      -1.1442282574483782
    1.000000      -1.1307286241833747      -1.1307335147856299      -1.1307335147850091      -1.1307481871546612      -1.1307481871559544      -1.1307315324788809      -1.1307315324801901      -1.1307402575566017      -1.1307402575565089
    1.100000      -1.1147185911043205      -1.1147242156318176      -1.1147242156287840      -1.1147410899558536      -1.1147410899553778      -1.1147217844406287      -1.1147217844433535      -1.1147313646852566      -1.1147313646851433
    1.200000      -1.0979953741934310      -1.0980017105280941      -1.0980017105260953      -1.0980207205046622      -1.0980207205057280      -1.0979988301624526      -1.0979988301648116      -1.0980091983248297      -1.0980091983250215
    1.300000      -1.0816625698558910      -1.0816695494047903      -1.0816695494008224      -1.0816904893638388      -1.0816904893636519      -1.0816662597482183      -1.0816662597534372      -1.0816773297256668      -1.0816773297260114
    1.400000      -1.0663972318110908      -1.0664047368434881      -1.0664047368425540      -1.0664272536938531      -1.0664272536944479      -1.0664011220308620      -1.0664011220341498      -1.0664127929997202      -1.0664127929997105
    1.500000      -1.0525995279849936      -1.0526073978826327      -1.0526073978833632      -1.0526310099023033      -1.0526310099019995      -1.0526035818990573      -1.0526035818998949      -1.0526157439800903      -1.0526157439800248
    1.600000      -1.0404762138225192      -1.0404842616117416      -1.0404842616143226      -1.0405084079419338      -1.0405084079422626      -1.0404803941390823      -1.0404803941391623      -1.0404929354500065      -1.0404929354499062
    1.700000      -1.0300916364948089      -1.0300996729546474      -1.0300996729584750      -1.0301237859215417      -1.0301237859206518      -1.0300959077936396      -1.0300959077941751      -1.0301087220765570      -1.0301087220771494
    1.800000      -1.0214036921239757      -1.0214115511259600      -1.0214115511279460      -1.0214351322008275      -1.0214351321991684      -1.0214080231551823      -1.0214080231564129      -1.0214210166439455      -1.0214210166445223
    1.900000      -1.0142932390461361      -1.0143007965955027      -1.0143007965995501      -1.0143234736121618      -1.0143234736096316      -1.0142976043071421      -1.0142976043074436      -1.0143107004878282      -1.0143107004882552
    2.000000      -1.0085906066029731      -1.0085977888565458      -1.0085977888609450      -1.0086193400510957      -1.0086193400507339      -1.0085949869761019      -1.0085949869766162      -1.0086081284917225      -1.0086081284918629
    2.100000      -1.0040998258758993      -1.0041066060155257      -1.0041066060212120      -1.0041269507596977      -1.0041269507593067      -1.0041042083298655      -1.0041042083304987      -1.0041173561107393      -1.0041173561110266
    2.200000      -1.0006194585751762      -1.0006258463919491      -1.0006258463976117      -1.0006450138867011      -1.0006450138844640      -1.0006238352505239      -1.0006238352512407      -1.0006369656986414      -1.0006369656991876
    2.300000      -0.9979585146665901      -0.9979645436332374      -0.9979645436374054      -0.9979826342046165      -0.9979826342024603      -0.9979628816219068      -0.9979628816227009      -0.9979759829165009      -0.9979759829171730
    2.400000      -0.9959466765591307      -0.9959523921837670      -0.9959523921872173      -0.9959695423267809      -0.9959695423248058      -0.9959510325598182      -0.9959510325606993      -0.9959641009986586      -0.9959641009993925
    2.500000      -0.9944391724567476      -0.9944446236449278      -0.9944446236484119      -0.9944609800660251      -0.9944609800643118      -0.9944435179544648      -0.9944435179554711      -0.9944565548739421      -0.9944565548747168
    2.600000      -0.9933174867532819      -0.9933227203467980      -0.9933227203493111      -0.9933384235988083      -0.9933384235973308      -0.9933218231012451      -0.9933218231024183      -0.9933348325648355      -0.9933348325646700
    2.700000      -0.9924873914360126      -0.9924924493501273      -0.9924924493352891      -0.9925076252256351      -0.9925076252245992      -0.9924917203500359      -0.9924917203651551      -0.9925047075830897      -0.9925047075841567
    2.800000      -0.9918756271707960      -0.9918805452952586      -0.9918805452816719      -0.9918953015178160      -0.9918953015168332      -0.9918799504538907      -0.9918799504676616      -0.9918929207978093      -0.9918929207988880
    2.900000      -0.9914261931128934      -0.9914310012744265      -0.9914310012617318      -0.9914454273604147      -0.9914454273611486      -0.9914305124145428      -0.9914305124275744      -0.9914434708152562      -0.9914434708161628
    3.000000      -0.9910968198396457      -0.9911015422973284      -0.9911015422854104      -0.9911157110649595      -0.9911157110658388      -0.9911011365781628      -0.9911011365904345      -0.9911140872896387      -0.9911140872903583
    3.100000      -0.9908559007817014      -0.9908605569619596      -0.9908605569505456      -0.9908745267199944      -0.9908745267209981      -0.9908602161153487      -0.9908602161270997      -0.9908731626079955      -0.9908731626085817
    3.200000      -0.9906799655602415      -0.9906845708286006      -0.9906845708160611      -0.9906983876990202      -0.9906983877001586      -0.9906842803898800      -0.9906842804013055      -0.9906972253674323      -0.9906972253679279
    3.300000      -0.9905516740293415      -0.9905562404143097      -0.9905562404018605      -0.9905699405149918      -0.9905699405162826      -0.9905559890256684      -0.9905559890369030      -0.9905689345027252      -0.9905689345048784
    3.400000      -0.9904582632925583      -0.9904628001303430      -0.9904628001178313      -0.9904764114876425      -0.9904764114890940      -0.9904625789335768      -0.9904625789447350      -0.9904755263410943      -0.9904755263432945
    3.500000      -0.9903903664742891      -0.9903948809448627      -0.9903948809322042      -0.9904084251180768      -0.9904084251196973      -0.9903946830794493      -0.9903946830906106      -0.9904076333775284      -0.9904076333797817
    3.600000      -0.9903411251538412      -0.9903456227290865      -0.9903456227162035      -0.9903591161560485      -0.9903591161555725      -0.9903454429203165      -0.9903454429315457      -0.9903583967058851      -0.9903583967081777
    3.700000      -0.9903055276962087      -0.9903100125086388      -0.9903100124955044      -0.9903234675946857      -0.9903234675941550      -0.9903098467345135      -0.9903098467458573      -0.9903228043366952      -0.9903228043390442
    3.800000      -0.9902799181849494      -0.9902843933201396      -0.9902843933067175      -0.9902978193289526      -0.9902978193283546      -0.9902842385431746      -0.9902842385546612      -0.9902972001031524      -0.9902972001055531
    3.900000      -0.9902616327422730      -0.9902661004734782      -0.9902661004597494      -0.9902795042347440      -0.9902795042340645      -0.9902659544255271      -0.9902659544371825      -0.9902789199602599      -0.9902789199627172
    4.000000      -0.9902487305784952      -0.9902531925573653      -0.9902531925433181      -0.9902665790332331      -0.9902665790324724      -0.9902530535670374      -0.9902530535788757      -0.9902660230175823      -0.9902660230200994
    4.100000      -0.9902397955823852      -0.9902442529890265      -0.9902442529746587      -0.9902576257245095      -0.9902576257236522      -0.9902441198432239      -0.9902441198552705      -0.9902570931097567      -0.9902570931123422
    4.200000      -0.9902337906617614      -0.9902382443225156      -0.9902382443078058      -0.9902516058020264      -0.9902516058010534      -0.9902381161556350      -0.9902381161678945      -0.9902510931211462      -0.9902510931238012
    4.300000      -0.9902299516681510      -0.9902344021502645      -0.9902344021352167      -0.9902477540783918      -0.9902477540794101      -0.9902342783550606      -0.9902342783678648      -0.9902472589006481      -0.9902472589034250
    4.400000      -0.9902277109959142      -0.9902321586777404      -0.9902321586623303      -0.9902455021987907      -0.9902455021999294      -0.9902320388363152      -0.9902320388493991      -0.9902450228480234      -0.9902450228508913
    4.500000      -0.9902266432143233      -0.9902310883481701      -0.9902310883323998      -0.9902444242160834      -0.9902444242173706      -0.9902309721751649      -0.9902309721885284      -0.9902439595484326      -0.9902439595513782
    4.600000      -0.9902264268323634      -0.9902308695818886      -0.9902308695657452      -0.9902441982896887      -0.9902441982911617      -0.9902307568869698      -0.9902307568973557      -0.9902437475218059      -0.9902437475243363
    4.700000      -0.9902268175432521      -0.9902312580175562      -0.9902312580053997      -0.9902445798939551      -0.9902445798957052      -0.9902311486569458      -0.9902311486675938      -0.9902441424695198      -0.9902441424721283
    4.800000      -0.9902276294587299      -0.9902320677357018      -0.9902320677231747      -0.9902453830152583      -0.9902453830173173      -0.9902319616036229      -0.9902319616145457      -0.9902449585100687      -0.9902449585127510
    4.900000      -0.9902287217229451      -0.9902331578658754      -0.9902331578529875      -0.9902464667405537      -0.9902464667400834      -0.9902330548721605      -0.9902330548833622      -0.9902460547902019      -0.9902460547929404
    5.000000      -0.9902299886775705      -0.9902344227442885      -0.9902344227310491      -0.9902477253872477      -0.9902477253866626      -0.9902343228029225      -0.9902343228143842      -0.9902473256493183      -0.9902473256521094
