# molecule         = H2
# geometry         = H 0 0 0; H 0 0 {R:.6f}
# basis            = sadlej
# basis_source     = sadlej.gbs
# lambda           = 0.010000
# omega            = 0.020100
# mode_dir         = [1.0, 0.0, 0.0]
# scheme           = general
# offdiag          = none
# method           = QED-FCI
# nboson_max       = 8
# n_fock_states    = 9
# ff_step_h        = 0.001
# n_field_points   = 13
# fci_tol          = 1e-11
# fci_max_cycle    = 300
# scf_conv_tol     = 1e-12
# center_geometry  = True
# frozen_core_orbitals = 0
# coherent_state   = True
# z_selfconsistent_iter = 0
# R_range_Ang      = 0.4:0.1:5.0
# R_e_ref_Ang      = 0.7414
# pyscf            = 2.11.0
# python           = 3.13.12
# host             = fedora
# date             = 2026-08-17 22:11:01
# columns          = R,mu_abs,mu_x,mu_y,mu_z,a_xx,a_yy,a_zz,a_xz,a_iso,err_xx,err_yy,err_zz,dse_mu_z,dse_a_xx,dse_a_yy,dse_a_zz,dse_a_iso,boson_gap,status
#             R         mu_abs           mu_x           mu_y           mu_z           a_xx           a_yy           a_zz           a_xz          a_iso         err_xx         err_yy         err_zz       dse_mu_z       dse_a_xx       dse_a_yy       dse_a_zz      dse_a_iso      boson_gap         status
     0.400000  FAILED  # быстрая свёртка расходится с эталонной
     0.500000       0.000000      -0.000000      -0.000000       0.000000       2.906016       2.906070       3.993010       0.000000       3.268366       0.000057       0.000057       0.000015      -0.000000       2.904965       2.905902       3.992812       3.267893            nan  OK
     0.600000       0.000000      -0.000000      -0.000000      -0.000000       3.474960       3.475007       4.942878       0.000000       3.964281       0.000047       0.000047       0.000139       0.000000       3.473671       3.474980       4.942810       3.963820            nan  OK
     0.700000       0.000000       0.000000      -0.000000      -0.000000       4.084818       4.084835       6.060262       0.000000       4.743305       0.000059       0.000059       0.000179       0.000000       4.083034       4.084794       6.060163       4.742663            nan  OK
     0.800000       0.000000       0.000000      -0.000000       0.000000       4.716584       4.716549       7.334326       0.000000       5.589153       0.000076       0.000076       0.000231      -0.000000       4.714213       4.716496       7.334196       5.588301            nan  OK
     0.900000       0.000000       0.000000      -0.000000      -0.000000       5.352076       5.351966       8.745385       0.000000       6.483142       0.000094       0.000094       0.000299       0.000000       5.349035       5.351902       8.745221       6.482053            nan  OK
     1.000000       0.000000      -0.000000      -0.000000      -0.000000       5.974133       5.973929      10.261217       0.000000       7.403093       0.000111       0.000111       0.000381       0.000000       5.970354       5.973853      10.261014       7.401740            nan  OK
     1.100000       0.000000      -0.000000      -0.000000       0.000000       6.566741       6.566432      11.833883       0.000000       8.322352       0.000124       0.000123       0.000481       0.000000       6.562178       6.566334      11.833629       8.320714            nan  OK
     1.200000       0.000000      -0.000000      -0.000000       0.000000       7.115336       7.114918      13.398338       0.000000       9.209531       0.000146       0.000145       0.000624      -0.000000       7.109999       7.114816      13.398047       9.207621            nan  OK
     1.300000       0.000000      -0.000000      -0.000000       0.000000       7.607316       7.606797      14.874371       0.000000      10.029495       0.000163       0.000162       0.000811       0.000000       7.601226       7.606685      14.874034      10.027315            nan  OK
     1.400000       0.000000       0.000000      -0.000000      -0.000000       8.032586       8.031981      16.172863       0.000000      10.745810       0.000177       0.000177       0.001060       0.000000       8.025800       8.031856      16.172478      10.743378            nan  OK
     1.500000       0.000000       0.000000      -0.000000       0.000000       8.384431       8.383761      17.207027       0.000000      11.325073       0.000194       0.000194       0.001388      -0.000000       8.377044       8.383630      17.206599      11.322424            nan  OK
     1.600000       0.000000       0.000000      -0.000000       0.000000       8.660400       8.659691      17.907012       0.000000      11.742368       0.000206       0.000205       0.001784      -0.000000       8.652513       8.659546      17.906536      11.739532            nan  OK
     1.700000       0.000000       0.000000      -0.000000      -0.000000       8.862753       8.862030      18.234243       0.000000      11.986342       0.000209       0.000209       0.002225      -0.000000       8.854475       8.861862      18.233714      11.983350            nan  OK
     1.800000       0.000000       0.000000      -0.000000       0.000000       8.998222       8.997505      18.190694       0.000000      12.062141       0.000229       0.000229       0.002692      -0.000000       8.989698       8.997346      18.190150      12.059065            nan  OK
     1.900000       0.000000       0.000000      -0.000000       0.000000       9.077153       9.076458      17.819207       0.000000      11.990939       0.000238       0.000238       0.003102       0.000000       9.068472       9.076294      17.818646      11.987804            nan  OK
     2.000000       0.000000       0.000000      -0.000000       0.000000       9.111798       9.111131      17.193611       0.000000      11.805513       0.000247       0.000247       0.003417      -0.000000       9.103049       9.110969      17.193051      11.802356            nan  OK
     2.100000       0.000000       0.000000      -0.000000       0.000000       9.114688       9.114051      16.402532       0.000000      11.543757       0.000247       0.000247       0.003593       0.000000       9.105921       9.113880      16.401973      11.540592            nan  OK
     2.200000       0.000000      -0.000000      -0.000000       0.000000       9.097105       9.096495      15.532363       0.000000      11.241987       0.000253       0.000252       0.003636       0.000000       9.088373       9.096329      15.531829      11.238843            nan  OK
     2.300000       0.000000      -0.000000      -0.000000       0.000000       9.068289       9.067701      14.654946       0.000000      10.930312       0.000240       0.000239       0.003538       0.000000       9.059587       9.067513      14.654418      10.927173            nan  OK
     2.400000       0.000000      -0.000000      -0.000000       0.000000       9.034983       9.034410      13.821696       0.000000      10.630363       0.000247       0.000247       0.003366       0.000000       9.026357       9.034237      13.821215      10.627270            nan  OK
     2.500000       0.000000      -0.000000       0.000000       0.000000       9.001810       9.001247      13.063959       0.000000      10.355672       0.000246       0.000245       0.003122      -0.000000       8.993247       9.001075      13.063514      10.352612            nan  OK
     2.600000       0.000000      -0.000000       0.000000       0.000000       8.971499       8.970940      12.396438       0.000000      10.112959       0.000247       0.000247       0.002850      -0.000000       8.963000       8.970776      12.396035      10.109937            nan  OK
     2.700000       0.000000      -0.000000       0.000000      -0.000000       8.945459       8.944901      11.822059       0.000000       9.904140       0.000246       0.000246       0.002566      -0.000000       8.937013       8.944740      11.821693       9.901149            nan  OK
     2.800000       0.000000      -0.000000       0.000000      -0.000000       8.924179       8.923619      11.336341       0.000000       9.728046       0.000240       0.000239       0.002283      -0.000000       8.915769       8.923453      11.336001       9.725074            nan  OK
     2.900000       0.000000      -0.000000       0.000000      -0.000000       8.907552       8.906987      10.930802       0.000000       9.581780       0.000238       0.000238       0.002022      -0.000000       8.899177       8.906824      10.930492       9.578831            nan  OK
     3.000000       0.000000      -0.000000      -0.000000      -0.000000       8.895172       8.894601      10.595355       0.000000       9.461709       0.000236       0.000235       0.001783      -0.000000       8.886822       8.894438      10.595070       9.458777            nan  OK
     3.100000       0.000000      -0.000000      -0.000000      -0.000000       8.886463       8.885884      10.319729       0.000000       9.364025       0.000236       0.000235       0.001572       0.000000       8.878135       8.885726      10.319471       9.361111            nan  OK
     3.200000       0.000000      -0.000000      -0.000000      -0.000000       8.880819       8.880230      10.094310       0.000000       9.285120       0.000234       0.000234       0.001385      -0.000000       8.872504       8.880074      10.094072       9.282217            nan  OK
     3.300000       0.000000      -0.000000      -0.000000      -0.000000       8.877644       8.877046       9.910511       0.000000       9.221734       0.000232       0.000231       0.001219       0.000000       8.869337       8.876889       9.910287       9.218838            nan  OK
     3.400000       0.000000      -0.000000      -0.000000      -0.000000       8.876403       8.875794       9.760900       0.000000       9.171032       0.000230       0.000229       0.001077       0.000000       8.868100       8.875637       9.760690       9.168142            nan  OK
     3.500000       0.000000      -0.000000      -0.000000       0.000000       8.876636       8.876017       9.639191       0.000000       9.130615       0.000228       0.000227       0.000955       0.000000       8.868334       8.875860       9.638992       9.127729            nan  OK
     3.600000       0.000000      -0.000000      -0.000000       0.000000       8.877962       8.877332       9.540135       0.000000       9.098477       0.000227       0.000226       0.000850      -0.000000       8.869661       8.877177       9.539947       9.095595            nan  OK
     3.700000       0.000000      -0.000000      -0.000000       0.000000       8.880080       8.879438       9.459404       0.000000       9.072974       0.000225       0.000225       0.000760       0.000000       8.871776       8.879283       9.459223       9.070094            nan  OK
     3.800000       0.000000      -0.000000      -0.000000       0.000000       8.882747       8.882095       9.393443       0.000000       9.052762       0.000224       0.000224       0.000684       0.000000       8.874440       8.881941       9.393269       9.049883            nan  OK
     3.900000       0.000000      -0.000000      -0.000000       0.000000       8.885784       8.885122       9.339360       0.000000       9.036755       0.000224       0.000223       0.000619      -0.000000       8.877474       8.884968       9.339191       9.033878            nan  OK
     4.000000       0.000000      -0.000000      -0.000000       0.000000       8.889053       8.888381       9.294805       0.000000       9.024080       0.000223       0.000223       0.000564       0.000000       8.880740       8.888228       9.294642       9.021203            nan  OK
     4.100000       0.000000      -0.000000      -0.000000       0.000000       8.892456       8.891775       9.257884       0.000000       9.014038       0.000222       0.000221       0.000517       0.000000       8.884138       8.891622       9.257723       9.011161            nan  OK
     4.200000       0.000000      -0.000000      -0.000000       0.000000       8.895923       8.895233       9.227071       0.000000       9.006076       0.000219       0.000218       0.000474       0.000000       8.887595       8.895076       9.226908       9.003193            nan  OK
     4.300000       0.000000      -0.000000      -0.000000       0.000000       8.899387       8.898688       9.201128       0.000000       8.999735       0.000221       0.000220       0.000443      -0.000000       8.891060       8.898537       9.200973       8.996857            nan  OK
     4.400000       0.000000      -0.000000      -0.000000       0.000000       8.902824       8.902118       9.179097       0.000000       8.994680       0.000220       0.000219       0.000414       0.000000       8.894492       8.901967       9.178943       8.991801            nan  OK
     4.500000       0.000000      -0.000000      -0.000000       0.000000       8.906202       8.905488       9.160200       0.000000       8.990630       0.000219       0.000219       0.000390      -0.000000       8.897864       8.905337       9.160048       8.987750            nan  OK
     4.600000       0.000000      -0.000000      -0.000000       0.000000       8.909498       8.908777       9.143831       0.000000       8.987369       0.000219       0.000218       0.000369       0.000000       8.901156       8.908627       9.143680       8.984488            nan  OK
     4.700000       0.000000      -0.000000      -0.000000       0.000000       8.912698       8.911971       9.129516       0.000000       8.984728       0.000218       0.000218       0.000350       0.000000       8.904351       8.911821       9.129366       8.981846            nan  OK
     4.800000       0.000000      -0.000000      -0.000000       0.000000       8.915789       8.915056       9.116887       0.000000       8.982577       0.000218       0.000217       0.000335      -0.000000       8.907437       8.914906       9.116737       8.979694            nan  OK
     4.900000       0.000000      -0.000000      -0.000000       0.000000       8.918764       8.918027       9.105660       0.000000       8.980817       0.000216       0.000215       0.000319      -0.000000       8.910405       8.917874       9.105508       8.977929            nan  OK
     5.000000       0.000000      -0.000000      -0.000000       0.000000       8.921611       8.920869       9.095608       0.000000       8.979363       0.000216       0.000215       0.000308       0.000000       8.913249       8.920718       9.095457       8.976475       0.000000  OK
