# molecule         = H2
# geometry         = H 0 0 0; H 0 0 {R:.6f}
# basis            = sadlej
# basis_source     = sadlej.gbs
# lambda           = 0.100000
# omega            = 0.020100
# mode_dir         = [1.0, 0.0, 0.0]
# scheme           = general
# offdiag          = none
# method           = QED-FCI
# nboson_max       = 8
# n_fock_states    = 9
# ff_step_h        = 0.001
# n_field_points   = 13
# fci_tol          = 1e-11
# fci_max_cycle    = 300
# scf_conv_tol     = 1e-12
# center_geometry  = True
# frozen_core_orbitals = 0
# coherent_state   = True
# z_selfconsistent_iter = 0
# R_range_Ang      = 0.4:0.1:5.0
# R_e_ref_Ang      = 0.7414
# pyscf            = 2.11.0
# python           = 3.13.12
# host             = fedora
# date             = 2026-08-17 22:13:58
# columns          = R,fci[0],fci[+x],fci[-x],fci[+2x],fci[-2x],fci[+y],fci[-y],fci[+2y],fci[-2y],fci[+z],fci[-z],fci[+2z],fci[-2z]
    0.500000      -1.0649042157963950      -1.0649056425410672      -1.0649056425411094      -1.0649099227869485      -1.0649099227868868      -1.0649056451295842      -1.0649056451295691      -1.0649099331405287      -1.0649099331404972      -1.0649061815446637      -1.0649061815446961      -1.0649120789356414      -1.0649120789357196
    0.600000      -1.1272806857540758      -1.1272823878351408      -1.1272823878352238      -1.1272874941482709      -1.1272874941480928      -1.1272823902356828      -1.1272823902356424      -1.1272875037486176      -1.1272875037485710      -1.1272831153797760      -1.1272831153797960      -1.1272904044954364      -1.1272904044954195
    0.700000      -1.1508583323643853      -1.1508603297861533      -1.1508603297862807      -1.1508663221567050      -1.1508663221562800      -1.1508603310890266      -1.1508603310890932      -1.1508663273642945      -1.1508663273642328      -1.1508613077306107      -1.1508613077306400      -1.1508702341492536      -1.1508702341492123
    0.800000      -1.1540615125009188      -1.1540638163526538      -1.1540638163528349      -1.1540707280592917      -1.1540707280595932      -1.1540638155226330      -1.1540638155228260      -1.1540707247324435      -1.1540707247324220      -1.1540651100955932      -1.1540651100956025      -1.1540759033068384      -1.1540759033069719
    0.900000      -1.1464571944527815      -1.1464598071024783      -1.1464598071027021      -1.1464676452205291      -1.1464676452199476      -1.1464598031371880      -1.1464598031374709      -1.1464676293479272      -1.1464676293478029      -1.1464614809667542      -1.1464614809668008      -1.1464743410341758      -1.1464743410341527
    1.000000      -1.1332976243745621      -1.1333005397625957      -1.1333005397628297      -1.1333092861553098      -1.1333092861541583      -1.1333005318419560      -1.1333005318425351      -1.1333092544567891      -1.1333092544567385      -1.1333026504347266      -1.1333026504347643      -1.1333177293095553      -1.1333177293095322
    1.100000      -1.1175969341006875      -1.1176001382089420      -1.1176001382087226      -1.1176097507877307      -1.1176097507854914      -1.1176001258160708      -1.1176001258163211      -1.1176097011975457      -1.1176097011974879      -1.1176027264603787      -1.1176027264603814      -1.1176201044149590      -1.1176201044149259
    1.200000      -1.1011424298413215      -1.1011459012897071      -1.1011459012893132      -1.1011563159103717      -1.1011563159125415      -1.1011458842917090      -1.1011458842921864      -1.1011562478959278      -1.1011562478958510      -1.1011489828282381      -1.1011489828278704      -1.1011686428997502      -1.1011686428996956
    1.300000      -1.0850168879958311      -1.0850205989437178      -1.0850205989430175      -1.0850317321140932      -1.0850317321185141      -1.0850205776183572      -1.0850205776190966      -1.0850316467875634      -1.0850316467873817      -1.0850241559795344      -1.0850241559795291      -1.0850459613996275      -1.0850459613995409
    1.400000      -1.0698787103294978      -1.0698826277745426      -1.0698826277734159      -1.0698943804726988      -1.0698943804792547      -1.0698826027785877      -1.0698826027796782      -1.0698942804625815      -1.0698942804623217      -1.0698866035126486      -1.0698866035126402      -1.0699102849972584      -1.0699102849971331
    1.500000      -1.0561148210130737      -1.0561189085305844      -1.0561189085290172      -1.0561311714787387      -1.0561311714802091      -1.0561188808051782      -1.0561188808067647      -1.0561310605433567      -1.0561310605430392      -1.0561232069198758      -1.0561232069190041      -1.0561483671740279      -1.0561483671738827
    1.600000      -1.0439270700853827      -1.0439312900510493      -1.0439312900490263      -1.0439439503708670      -1.0439439503733150      -1.0439312606746871      -1.0439312606771145      -1.0439438328317443      -1.0439438328317021      -1.0439357824514675      -1.0439357824517324      -1.0439619228228336      -1.0439619228226704
    1.700000      -1.0333849604153063      -1.0333892764774752      -1.0333892764748711      -1.0334022251289436      -1.0334022251286661      -1.0333892464962253      -1.0333892464992731      -1.0334021051679914      -1.0334021051679074      -1.0333938152310149      -1.0333938152309865      -1.0334203837950420      -1.0334203837948697
    1.800000      -1.0244613686466320      -1.0244657480732795      -1.0244657480701340      -1.0244788868271519      -1.0244788868274801      -1.0244657183497381      -1.0244657183534192      -1.0244787678987097      -1.0244787678985650      -1.0244701846341480      -1.0244701846341107      -1.0244966375394879      -1.0244966375393290
    1.900000      -1.0170595047926860      -1.0170639202118132      -1.0170639202082106      -1.0170771669581535      -1.0170771669585348      -1.0170638913300654      -1.0170638913344743      -1.0170770513991996      -1.0170770513990686      -1.0170681235437724      -1.0170681235437375      -1.0170939854779313      -1.0170939854777767
    2.000000      -1.0110353170418762      -1.0110397473638397      -1.0110397473597132      -1.0110530388429342      -1.0110530388433090      -1.0110397196075955      -1.0110397196125440      -1.0110529277891578      -1.0110529277890701      -1.0110436179213091      -1.0110436179212763      -1.0110685268006538      -1.0110685268005228
    2.100000      -1.0062172516928705      -1.0062216821273824      -1.0062216821228513      -1.0062349739337779      -1.0062349739340510      -1.0062216555235721      -1.0062216555291394      -1.0062348674921913      -1.0062348674930464      -1.0062251583831849      -1.0062251583831558      -1.0062488849747548      -1.0062488849746514
    2.200000      -1.0024236209490307      -1.0024280422431551      -1.0024280422383260      -1.0024413066444482      -1.0024413066448756      -1.0024280166421033      -1.0024280166481092      -1.0024412042167405      -1.0024412042179580      -1.0024310995206693      -1.0024310995206387      -1.0024535418077982      -1.0024535418077016
    2.300000      -0.9994768498401105      -0.9994812571765925      -0.9994812571699383      -0.9994944796981604      -0.9994944796986862      -0.9994812323403139      -0.9994812323432760      -0.9994943803232277      -0.9994943803231677      -0.9994839009517316      -0.9994839009517049      -0.9995050606710496      -0.9995050606709566
    2.400000      -0.9972137664502922      -0.9972181581910673      -0.9972181581842516      -0.9972313339183829      -0.9972313339188537      -0.9972181338546069      -0.9972181338571320      -0.9972312365436748      -0.9972312365437372      -0.9972204149838990      -0.9972204149838790      -0.9972403666085452      -0.9972403666084664
    2.500000      -0.9954916640202616      -0.9954960406038014      -0.9954960405968347      -0.9955091708552262      -0.9955091708552142      -0.9954960165246864      -0.9954960165271616      -0.9955090745121382      -0.9955090745119484      -0.9954979490893998      -0.9954979490893838      -0.9955168098574501      -0.9955168098573748
    2.600000      -0.9941906050397018      -0.9941949681106355      -0.9941949681047511      -0.9942080578125381      -0.9942080578126060      -0.9941949440887377      -0.9941949440917974      -0.9942079616944128      -0.9942079616945099      -0.9941965719773074      -0.9941965719772976      -0.9942144778230695      -0.9942144778230049
    2.700000      -0.9932129362767863      -0.9932172880444745      -0.9932172880378702      -0.9932303438426484      -0.9932303438426417      -0.9932172639136132      -0.9932172639200596      -0.9932302473136356      -0.9932302473138950      -0.9932186310290720      -0.9932186310290605      -0.9932357198097852      -0.9932357198097319
    2.800000      -0.9924811033124068      -0.9924854461598209      -0.9924854461551402      -0.9924984751841592      -0.9924984751843107      -0.9924854218070231      -0.9924854218139336      -0.9924983777604426      -0.9924983777607026      -0.9924865690710301      -0.9924865690710376      -0.9925029703469705      -0.9925029703469392
    2.900000      -0.9919346878292188      -0.9919390240317829      -0.9919390240269159      -0.9919520331271605      -0.9919520331271501      -0.9919389993621175      -0.9919389993690844      -0.9919519344417400      -0.9919519344416130      -0.9919399632408303      -0.9919399632408288      -0.9919557930202811      -0.9919557930202403
    3.000000      -0.9915273073908404      -0.9915316390040774      -0.9915316389976783      -0.9915446343271448      -0.9915446343271312      -0.9915316139491765      -0.9915316139561092      -0.9915445341019957      -0.9915445341022793      -0.9915324259589564      -0.9915324259589626      -0.9915477847810881      -0.9915477847810563
    3.100000      -0.9912237466622781      -0.9912280754440573      -0.9912280754374944      -0.9912410622706872      -0.9912410622707400      -0.9912280499511358      -0.9912280499583744      -0.9912409602939628      -0.9912409602937825      -0.9912287367620333      -0.9912287367620435      -0.9912437098017718      -0.9912437098017460
    3.200000      -0.9909974870761556      -0.9910018144781357      -0.9910018144715046      -0.9910147971611359      -0.9910147971606692      -0.9910017885068857      -0.9910017885136649      -0.9910146932722016      -0.9910146932724336      -0.9910023723601519      -0.9910023723601701      -0.9910170306215872      -0.9910170306215581
    3.300000      -0.9908286767893318      -0.9908330039690137      -0.9908330039621275      -0.9908459859814928      -0.9908459859806339      -0.9908329774906467      -0.9908329774973456      -0.9908458800639220      -0.9908458800628376      -0.9908334767467432      -0.9908334767467623      -0.9908478787402203      -0.9908478787401941
    3.400000      -0.9907025154966247      -0.9907068433482806      -0.9907068433408961      -0.9907198273725910      -0.9907198273725832      -0.9907068163428432      -0.9907068163496293      -0.9907197193484658      -0.9907197193486317      -0.9907072460523141      -0.9907072460525739      -0.9907214395926827      -0.9907214395926625
    3.500000      -0.9906079989881148      -0.9906123281787697      -0.9906123281711053      -0.9906253162181401      -0.9906253162181232      -0.9906123006362345      -0.9906123006432636      -0.9906252060459219      -0.9906252060462438      -0.9906126730764288      -0.9906126730766024      -0.9906266970024763      -0.9906266970024483
    3.600000      -0.9905369598388203      -0.9905412908488995      -0.9905412908411599      -0.9905542843435211      -0.9905542843435131      -0.9905412627671055      -0.9905412627742745      -0.9905541720145781      -0.9905541720149957      -0.9905415879196502      -0.9905415879198514      -0.9905554736416453      -0.9905554736416264
    3.700000      -0.9904833431477194      -0.9904876763063446      -0.9904876762989479      -0.9905006762433775      -0.9905006762439243      -0.9904876476908158      -0.9904876476977185      -0.9905005617795404      -0.9905005617799127      -0.9904879336519796      -0.9904879336519479      -0.9905017064900581      -0.9905017064900403
    3.800000      -0.9904426639227747      -0.9904469994415376      -0.9904469994336239      -0.9904600064559003      -0.9904600064564765      -0.9904469703038640      -0.9904469703107056      -0.9904598899028744      -0.9904598899028979      -0.9904472236303711      -0.9904472236304084      -0.9904609039464746      -0.9904609039464581
    3.900000      -0.9904116022467900      -0.9904159402462801      -0.9904159402382225      -0.9904289547024893      -0.9904289547030737      -0.9904159106039733      -0.9904159106109002      -0.9904288361304024      -0.9904288361313841      -0.9904161365984251      -0.9904161365984888      -0.9904297407373085      -0.9904297407372923
    4.000000      -0.9903877017559711      -0.9903920422910907      -0.9903920422827549      -0.9904050643536396      -0.9904050643536310      -0.9903920121654076      -0.9903920121723010      -0.9904049438471102      -0.9904049438480776      -0.9903922151141619      -0.9903922151142192      -0.9904057561790464      -0.9904057561790333
    4.100000      -0.9903691452537500      -0.9903734883304920      -0.9903734883219362      -0.9903865180164764      -0.9903865180164775      -0.9903734577456436      -0.9903734577528056      -0.9903863956741263      -0.9903863956744510      -0.9903736411128394      -0.9903736411128456      -0.9903871296005513      -0.9903871296005378
    4.200000      -0.9903545879109633      -0.9903589335004123      -0.9903589334922555      -0.9903719707224349      -0.9903719707230428      -0.9903589024843943      -0.9903589024904632      -0.9903718466501891      -0.9903718466510570      -0.9903590690696319      -0.9903590690696292      -0.9903725133890823      -0.9903725133890798
    4.300000      -0.9903430335683787      -0.9903473816173731      -0.9903473816107307      -0.9903604262165284      -0.9903604262164472      -0.9903473501953233      -0.9903473502018720      -0.9903603005234380      -0.9903603005236272      -0.9903475022709167      -0.9903475022709467      -0.9903609091653864      -0.9903609091653847
    4.400000      -0.9903337433295240      -0.9903380937680705      -0.9903380937612124      -0.9903511455345438      -0.9903511455342168      -0.9903380619681880      -0.9903380619749308      -0.9903510183314196      -0.9903510183324035      -0.9903382013801677      -0.9903382013802363      -0.9903515762704574      -0.9903515762704499
    4.500000      -0.9903261682802517      -0.9903305210268732      -0.9903305210184931      -0.9903435797167265      -0.9903435797173258      -0.9903304888770476      -0.9903304888837331      -0.9903434511132122      -0.9903434511132129      -0.9903306171352774      -0.9903306171353764      -0.9903439643978310      -0.9903439643978277
    4.600000      -0.9903199001139317      -0.9903242550796826      -0.9903242550721806      -0.9903373204267559      -0.9903373204272904      -0.9903242226059096      -0.9903242226127377      -0.9903371905278789      -0.9903371905288211      -0.9903243409565429      -0.9903243409565804      -0.9903376641474270      -0.9903376641474272
    4.700000      -0.9903146349179658      -0.9903189920092562      -0.9903189920029841      -0.9903320637327070      -0.9903320637324208      -0.9903189592372655      -0.9903189592437397      -0.9903319326392618      -0.9903319326392496      -0.9903190687179789      -0.9903190687180760      -0.9903323707522717      -0.9903323707522659
    4.800000      -0.9903101465346645      -0.9903145056555712      -0.9903145056486472      -0.9903275834657211      -0.9903275834654189      -0.9903144726089840      -0.9903144726153915      -0.9903274512730317      -0.9903274512731634      -0.9903145740965761      -0.9903145740966616      -0.9903278573895097      -0.9903278573895035
    4.900000      -0.9903062668384588      -0.9903106278907849      -0.9903106278825216      -0.9903237114933072      -0.9903237114939227      -0.9903105945917876      -0.9903105945978947      -0.9903235782894955      -0.9903235782894129      -0.9903106888363984      -0.9903106888364650      -0.9903239554141647      -0.9903239554141612
    5.000000      -0.9903028709976991      -0.9903072338825869      -0.9903072338756282      -0.9903203229819948      -0.9903203229818920      -0.9903072003502451      -0.9903072003570896      -0.9903201888490643      -0.9903201888492359      -0.9903072880043007      -0.9903072880043358      -0.9903205395887520      -0.9903205395889219
