# molecule         = H2
# geometry         = H 0 0 0; H 0 0 {R:.6f}
# basis            = sadlej
# basis_source     = sadlej.gbs
# lambda           = 0.000000
# omega            = 0.020100
# mode_dir         = [1.0, 0.0, 0.0]
# scheme           = general
# offdiag          = none
# method           = QED-FCI
# nboson_max       = 8
# n_fock_states    = 9
# ff_step_h        = 0.001
# n_field_points   = 13
# fci_tol          = 1e-11
# fci_max_cycle    = 300
# scf_conv_tol     = 1e-12
# center_geometry  = True
# frozen_core_orbitals = 0
# coherent_state   = True
# z_selfconsistent_iter = 0
# R_range_Ang      = 0.4:0.1:5.0
# R_e_ref_Ang      = 0.7414
# pyscf            = 2.11.0
# python           = 3.13.12
# host             = fedora
# date             = 2026-08-17 22:10:03
# columns          = R,fci[0],fci[+x],fci[-x],fci[+2x],fci[-2x],fci[+y],fci[-y],fci[+2y],fci[-2y],fci[+z],fci[-z],fci[+2z],fci[-2z]
    0.500000      -1.0703463322289630      -1.0703477854529526      -1.0703477854531218      -1.0703521451673257      -1.0703521451673728      -1.0703477854531249      -1.0703477854531187      -1.0703521451673310      -1.0703521451673763      -1.0703483290141993      -1.0703483290143530      -1.0703543195551120      -1.0703543195555409
    0.600000      -1.1331961080602195      -1.1331978459246990      -1.1331978459248939      -1.1332030596042768      -1.1332030596042777      -1.1331978459248899      -1.1331978459248979      -1.1332030596042773      -1.1332030596042755      -1.1331985799765876      -1.1331985799766529      -1.1332059959948124      -1.1332059959949741
    0.700000      -1.1572459761489582      -1.1572480190410483      -1.1572480190410750      -1.1572541478372353      -1.1572541478372309      -1.1572480190410737      -1.1572480190410737      -1.1572541478372349      -1.1572541478372314      -1.1572490069039034      -1.1572490069039083      -1.1572580995273785      -1.1572580995273412
    0.800000      -1.1609080626607651      -1.1609104215374995      -1.1609104215376191      -1.1609174983170780      -1.1609174983170749      -1.1609104215376234      -1.1609104215376240      -1.1609174983170785      -1.1609174983170700      -1.1609117306229095      -1.1609117306229078      -1.1609227349706823      -1.1609227349708140
    0.900000      -1.1537397505603131      -1.1537424272779182      -1.1537424272780150      -1.1537504576181206      -1.1537504576181137      -1.1537424272780146      -1.1537424272780175      -1.1537504576181201      -1.1537504576181143      -1.1537441242486051      -1.1537441242486168      -1.1537572459109242      -1.1537572459109124
    1.000000      -1.1409856385362938      -1.1409886263693303      -1.1409886263695439      -1.1409975900916578      -1.1409975900916534      -1.1409886263695497      -1.1409886263695506      -1.1409975900916618      -1.1409975900916516      -1.1409907703611695      -1.1409907703611801      -1.1410061665988622      -1.1410061665988529
    1.100000      -1.1256537411523264      -1.1256570253657516      -1.1256570253660476      -1.1256668782618648      -1.1256668782618509      -1.1256570253660592      -1.1256570253660603      -1.1256668782618666      -1.1256668782618533      -1.1256596595497572      -1.1256596595497355      -1.1256774157137470      -1.1256774157137273
    1.200000      -1.1095267100886059      -1.1095302686749196      -1.1095302686751500      -1.1095409447305866      -1.1095409447305733      -1.1095302686751505      -1.1095302686751491      -1.1095409447305884      -1.1095409447305746      -1.1095334109826007      -1.1095334109822095      -1.1095535149196269      -1.1095535149195999
    1.300000      -1.0936840711330662      -1.0936878757793651      -1.0936878757796373      -1.0936992900485700      -1.0936992900485483      -1.0936878757796409      -1.0936878757796396      -1.0936992900485691      -1.0936992900485487      -1.0936915103345948      -1.0936915103341849      -1.0937138295676183      -1.0937138295675859
    1.400000      -1.0787823787805773      -1.0787863961297171      -1.0787863961302144      -1.0787984485332947      -1.0787984485332744      -1.0787863961302540      -1.0787863961302546      -1.0787984485333020      -1.0787984485332798      -1.0787904675430091      -1.0787904675430089      -1.0788147359523022      -1.0788147359522444
    1.500000      -1.0652082866688997      -1.0652124800109011      -1.0652124800124965      -1.0652250604124620      -1.0652250604124882      -1.0652124800128213      -1.0652124800128264      -1.0652250604125366      -1.0652250604125011      -1.0652168928499295      -1.0652168928492942      -1.0652427141497673      -1.0652427141497058
    1.600000      -1.0531652045046187      -1.0531695358867097      -1.0531695358875910      -1.0531825304489553      -1.0531825304489466      -1.0531695358877478      -1.0531695358877500      -1.0531825304489926      -1.0531825304489559      -1.0531741610028273      -1.0531741610027070      -1.0532010340702254      -1.0532010340701732
    1.700000      -1.0427261447426361      -1.0427305773542836      -1.0427305773549240      -1.0427438756246814      -1.0427438756246548      -1.0427305773549858      -1.0427305773549871      -1.0427438756246965      -1.0427438756246601      -1.0427352651654664      -1.0427352651660908      -1.0427626309038573      -1.0427626309038112
    1.800000      -1.0338692633026501      -1.0338737637073225      -1.0338737637080930      -1.0338872653818725      -1.0338872653818734      -1.0338737637082871      -1.0338737637082960      -1.0338872653819253      -1.0338872653818876      -1.0338783622296779      -1.0338783622296686      -1.0339056643978046      -1.0339056643977464
    1.900000      -1.0265043055501986      -1.0265088454702145      -1.0265088454722247      -1.0265224656886704      -1.0265224656887324      -1.0265088454727278      -1.0265088454727358      -1.0265224656888008      -1.0265224656887701      -1.0265132189445627      -1.0265132189445516      -1.0265399653114993      -1.0265399653114364
    2.000000      -1.0204942711017231      -1.0204988283711733      -1.0204988283714931      -1.0205125006696294      -1.0205125006696159      -1.0204988283715415      -1.0204988283715426      -1.0205125006696447      -1.0205125006696207      -1.0205028718055971      -1.0205028718055817      -1.0205286807526861      -1.0205286807526146
    2.100000      -1.0156744013751073      -1.0156789601065366      -1.0156789601069585      -1.0156926367968151      -1.0156926367968189      -1.0156789601070595      -1.0156789601070599      -1.0156926367968440      -1.0156926367968253      -1.0156826065566633      -1.0156826065566471      -1.0157072292937011      -1.0157072292936302
    2.200000      -1.0118689356627448      -1.0118734856153662      -1.0118734856163552      -1.0118871359671646      -1.0118871359681176      -1.0118734856168516      -1.0118734856168745      -1.0118871359674004      -1.0118871359682111      -1.0118767056978155      -1.0118767056977986      -1.0119000230667343      -1.0119000230666686
    2.300000      -1.0089050169404923      -1.0089095524715439      -1.0089095524724931      -1.0089231595639419      -1.0089231595642341      -1.0089095524728895      -1.0089095524729019      -1.0089231595641002      -1.0089231595642898      -1.0089123481167259      -1.0089123481167077      -1.0089343487448732      -1.0089343487448086
    2.400000      -1.0066229125616279      -1.0066274314408510      -1.0066274314420691      -1.0066409885679986      -1.0066409885685883      -1.0066274314426134      -1.0066274314426560      -1.0066409885682985      -1.0066409885687424      -1.0066298269366518      -1.0066298269366400      -1.0066505767911671      -1.0066505767911138
    2.500000      -1.0048822030417408      -1.0048867053182104      -1.0048867053203006      -1.0049002126433437      -1.0049002126448932      -1.0048867053230437      -1.0048867053231567      -1.0049002126455386      -1.0049002126463980      -1.0048887383355491      -1.0048887383356462      -1.0049083504560445      -1.0049083504560465
    2.600000      -1.0035643113918298      -1.0035687985000310      -1.0035687985008617      -1.0035822603119469      -1.0035822603128275      -1.0035687985018851      -1.0035687985017059      -1.0035822603123918      -1.0035822603130675      -1.0035705127022738      -1.0035705127022820      -1.0035891223288915      -1.0035891223288644
    2.700000      -1.0025722628768070      -1.0025767369465823      -1.0025767369469030      -1.0025901596445685      -1.0025901596446527      -1.0025767369474763      -1.0025767369472776      -1.0025901596447377      -1.0025901596447446      -1.0025781767769182      -1.0025781767769237      -1.0025959236097624      -1.0025959236097455
    2.800000      -1.0018287172350866      -1.0018331806466285      -1.0018331806477023      -1.0018465713575875      -1.0018465713577984      -1.0018331806487502      -1.0018331806486016      -1.0018465713579947      -1.0018465713580285      -1.0018343880715301      -1.0018343880715530      -1.0018514051426868      -1.0018514051426879
    2.900000      -1.0012731780214981      -1.0012776331014053      -1.0012776331021969      -1.0012909988154026      -1.0012909988155290      -1.0012776331029374      -1.0012776331027855      -1.0012909988156067      -1.0012909988156020      -1.0012786459001648      -1.0012786459001608      -1.0012950535796146      -1.0012950535796006
    3.000000      -1.0008590183096520      -1.0008634671801944      -1.0008634671806222      -1.0008768142668754      -1.0008768142661557      -1.0008634671811496      -1.0008634671810539      -1.0008768142670750      -1.0008768142662832      -1.0008643182960997      -1.0008643182961132      -1.0008802218285939      -1.0008802218285919
    3.100000      -1.0005506988672144      -1.0005551433689988      -1.0005551433695432      -1.0005684773447681      -1.0005684773442303      -1.0005551433700794      -1.0005551433700266      -1.0005684773449728      -1.0005684773443473      -1.0005558608979950      -1.0005558608980070      -1.0005713501352742      -1.0005713501352704
    3.200000      -1.0003213551666774      -1.0003257968321266      -1.0003257968329384      -1.0003391222914395      -1.0003391222911899      -1.0003257968333288      -1.0003257968335593      -1.0003391222916598      -1.0003391222912961      -1.0003264043657487      -1.0003264043657518      -1.0003415547262233      -1.0003415547262127
    3.300000      -1.0001508031014690      -1.0001552431622782      -1.0001552431627840      -1.0001685638093507      -1.0001685638093409      -1.0001552431629297      -1.0001552431631344      -1.0001685638089981      -1.0001685638092699      -1.0001557602921665      -1.0001557602921589      -1.0001706343062122      -1.0001706343061980
    3.400000      -1.0000239442288297      -1.0000283836560862      -1.0000283836569119      -1.0000417023946178      -1.0000417023951689      -1.0000283836572281      -1.0000283836574153      -1.0000417023948558      -1.0000417023952684      -1.0000288265275363      -1.0000288265276265      -1.0000434755752454      -1.0000434755752330
    3.500000      -0.9999295200371193      -0.9999339595656905      -0.9999339595662321      -0.9999472786096896      -0.9999472786101536      -0.9999339595663802      -0.9999339595665341      -0.9999472786098477      -0.9999472786102314      -0.9999343414054601      -0.9999343414053919      -0.9999488074232447      -0.9999488074232307
    3.600000      -0.9998591548757900      -0.9998635950567276      -0.9998635950574990      -0.9998769160509919      -0.9998769160514054      -0.9998635950578194      -0.9998635950579509      -0.9998769160512171      -0.9998769160515166      -0.9998639266580729      -0.9998639266580058      -0.9998782437018250      -0.9998782437018172
    3.700000      -0.9998066291890659      -0.9998110704157859      -0.9998110704164527      -0.9998243945463603      -0.9998243945466818      -0.9998110704167060      -0.9998110704168228      -0.9998243945465546      -0.9998243945467802      -0.9998113605549783      -0.9998113605549173      -0.9998255561721581      -0.9998255561721512
    3.800000      -0.9997673315721419      -0.9997717741213420      -0.9997717741220361      -0.9997851022175200      -0.9997851022178138      -0.9997717741223581      -0.9997717741224638      -0.9997851022177403      -0.9997851022179224      -0.9997720299175862      -0.9997720299175329      -0.9997861263203244      -0.9997861263203159
    3.900000      -0.9997378474189670      -0.9997422914763873      -0.9997422914771575      -0.9997556240943511      -0.9997556240946440      -0.9997422914775497      -0.9997422914776443      -0.9997556240945952      -0.9997556240947628      -0.9997425186910512      -0.9997425186910046      -0.9997565337420354      -0.9997565337420252
    4.000000      -0.9997156507604342      -0.9997200964430423      -0.9997200964438201      -0.9997334339344625      -0.9997334339347600      -0.9997200964442249      -0.9997200964443095      -0.9997334339347060      -0.9997334339348810      -0.9997202997298748      -0.9997202997298354      -0.9997342477618402      -0.9997342477618344
    4.100000      -0.9996988738124484      -0.9997033211869171      -0.9997033211876529      -0.9997166637528931      -0.9997166637531973      -0.9997033211880357      -0.9997033211881197      -0.9997166637531316      -0.9997166637533172      -0.9997035042997882      -0.9997035042997553      -0.9997173967922348      -0.9997173967922270
    4.200000      -0.9996861350614469      -0.9996905841584117      -0.9996905841591398      -0.9997039318903996      -0.9997039318907300      -0.9996905841595302      -0.9996905841596008      -0.9997039318906417      -0.9997039318908497      -0.9996907501232112      -0.9996907501231828      -0.9997045962590519      -0.9997045962590484
    4.300000      -0.9996764115146886      -0.9996808623381699      -0.9996808623388882      -0.9996942152480290      -0.9996942152483710      -0.9996808623392743      -0.9996808623393334      -0.9996942152482746      -0.9996942152484805      -0.9996810135946990      -0.9996810135946792      -0.9996948207170948      -0.9996948207170908
    4.400000      -0.9996689442549985      -0.9996733967891599      -0.9996733967898069      -0.9996867548309639      -0.9996867548312626      -0.9996733967901793      -0.9996733967902268      -0.9996867548311889      -0.9996867548313618      -0.9996735353084599      -0.9996735353084406      -0.9996873092948219      -0.9996873092948172
    4.500000      -0.9996631690039096      -0.9996676232198823      -0.9996676232205338      -0.9996809863055159      -0.9996809863057915      -0.9996676232209224      -0.9996676232209499      -0.9996809863057529      -0.9996809863058623      -0.9996677506009336      -0.9996677506009169      -0.9996814961681538      -0.9996814961681507
    4.600000      -0.9996586653097755      -0.9996631211668544      -0.9996631211680403      -0.9996764891773412      -0.9996764891775402      -0.9996631211685904      -0.9996631211686094      -0.9996764891775699      -0.9996764891776656      -0.9996632387158905      -0.9996632387158798      -0.9996769596680485      -0.9996769596680432
    4.700000      -0.9996551194272613      -0.9996595768782200      -0.9996595768792998      -0.9996729496693243      -0.9996729496694384      -0.9996595768797881      -0.9996595768798083      -0.9996729496695019      -0.9996729496695623      -0.9996596856704606      -0.9996596856704459      -0.9996733850982248      -0.9996733850982221
    4.800000      -0.9996522971515017      -0.9996567561423709      -0.9996567561434192      -0.9996701335525066      -0.9996701335525694      -0.9996567561438862      -0.9996567561439095      -0.9996701335526658      -0.9996701335526762      -0.9996568570755336      -0.9996568570755250      -0.9996705375150147      -0.9996705375150107
    4.900000      -0.9996500238102177      -0.9996544842832598      -0.9996544842845285      -0.9996678661372391      -0.9996678661373526      -0.9996544842852915      -0.9996544842853410      -0.9996678661375529      -0.9996678661375169      -0.9996545781172108      -0.9996545781172024      -0.9996682416747125      -0.9996682416747096
    5.000000      -0.9996481693913091      -0.9996526312836391      -0.9996526312848999      -0.9996660173949852      -0.9996660173950853      -0.9996526312856473      -0.9996526312856973      -0.9996660173953056      -0.9996660173952419      -0.9996527186696675      -0.9996527186696578      -0.9996663671181205      -0.9996663671182380
