# molecule         = H2
# geometry         = H 0 0 0; H 0 0 {R:.6f}
# basis            = sadlej
# basis_source     = sadlej.gbs
# lambda           = 0.025000
# omega            = 0.020100
# mode_dir         = [1.0, 0.0, 0.0]
# scheme           = general
# offdiag          = none
# method           = QED-FCI
# nboson_max       = 8
# n_fock_states    = 9
# ff_step_h        = 0.001
# n_field_points   = 13
# fci_tol          = 1e-11
# fci_max_cycle    = 300
# scf_conv_tol     = 1e-12
# center_geometry  = True
# frozen_core_orbitals = 0
# coherent_state   = True
# z_selfconsistent_iter = 0
# R_range_Ang      = 0.4:0.1:5.0
# R_e_ref_Ang      = 0.7414
# pyscf            = 2.11.0
# python           = 3.13.12
# host             = fedora
# date             = 2026-08-17 22:11:59
# columns          = R,fci[0],fci[+x],fci[-x],fci[+2x],fci[-2x],fci[+y],fci[-y],fci[+2y],fci[-2y],fci[+z],fci[-z],fci[+2z],fci[-2z]
    0.500000      -1.0700033283592230      -1.0700047798811994      -1.0700047798813050      -1.0700091344107883      -1.0700091344107066      -1.0700047800491801      -1.0700047800492116      -1.0700091350823098      -1.0700091350823489      -1.0700053231184354      -1.0700053231183648      -1.0700113075021853      -1.0700113075019952
    0.600000      -1.1328226565269055      -1.1328243920616947      -1.1328243920616241      -1.1328295987480141      -1.1328295987482402      -1.1328243922070962      -1.1328243922071659      -1.1328295993300406      -1.1328295993300317      -1.1328251256331299      -1.1328251256330908      -1.1328325332167390      -1.1328325332166262
    0.700000      -1.1568420382768170      -1.1568440782161478      -1.1568440782159706      -1.1568501981483306      -1.1568501981483226      -1.1568440782731155      -1.1568440782733727      -1.1568501983768020      -1.1568501983767994      -1.1568450653309950      -1.1568450653309870      -1.1568541468446916      -1.1568541468446312
    0.800000      -1.1604743949660765      -1.1604767502769360      -1.1604767502764872      -1.1604838163613931      -1.1604838163613740      -1.1604767501716933      -1.1604767501717008      -1.1604838159395685      -1.1604838159395670      -1.1604780581985463      -1.1604780581985477      -1.1604890483573751      -1.1604890483575057
    0.900000      -1.1532777392917093      -1.1532804118697684      -1.1532804118699798      -1.1532884297924226      -1.1532884297923882      -1.1532804115308994      -1.1532804115309132      -1.1532884284353939      -1.1532884284353893      -1.1532821070930208      -1.1532821070930419      -1.1532952110913741      -1.1532952110913712
    1.000000      -1.1404971782045950      -1.1405001613722079      -1.1405001613725618      -1.1405091110938339      -1.1405091110937704      -1.1405001607420564      -1.1405001607420853      -1.1405091085708352      -1.1405091085708254      -1.1405023028604049      -1.1405023028604182      -1.1405176775808505      -1.1405176775808430
    1.100000      -1.1251411386216603      -1.1251444176850927      -1.1251444176856051      -1.1251542551357443      -1.1251542551358389      -1.1251444167279789      -1.1251444167280167      -1.1251542513038979      -1.1251542513038810      -1.1251470484437223      -1.1251470484437078      -1.1251647788785026      -1.1251647788784824
    1.200000      -1.1089925924915307      -1.1089961454878887      -1.1089961454886037      -1.1090068047688431      -1.1090068047688280      -1.1089961441955287      -1.1089961441955793      -1.1090067995947503      -1.1090067995947326      -1.1089992832984077      -1.1089992832980133      -1.1090193569582700      -1.1090193569582389
    1.300000      -1.0931312968270834      -1.0931350954657866      -1.0931350954657195      -1.0931464917114759      -1.0931464917114475      -1.0931350938581086      -1.0931350938581912      -1.0931464852788908      -1.0931464852788659      -1.0931387243249877      -1.0931387243245716      -1.0931610084362875      -1.0931610084362520
    1.400000      -1.0782139471947660      -1.0782179581347573      -1.0782179581346578      -1.0782299913169535      -1.0782299913169040      -1.0782179562603356      -1.0782179562604619      -1.0782299838172125      -1.0782299838171849      -1.0782220225646706      -1.0782220225646739      -1.0782462507904875      -1.0782462507904338
    1.500000      -1.0646272356148130      -1.0646314221552111      -1.0646314221550781      -1.0646439821698190      -1.0646439821697373      -1.0646314200823661      -1.0646314200823637      -1.0646439738755205      -1.0646439738754776      -1.0646358266881670      -1.0646358266875067      -1.0646616026728466      -1.0646616026727778
    1.600000      -1.0525744895021725      -1.0525788137135392      -1.0525788137135896      -1.0525917867647980      -1.0525917867646870      -1.0525788115203623      -1.0525788115203596      -1.0525917779889113      -1.0525917779888667      -1.0525834292454121      -1.0525834292452800      -1.0526102520313565      -1.0526102520313032
    1.700000      -1.0421285089610350      -1.0421329340587508      -1.0421329340588303      -1.0421462097637022      -1.0421462097635530      -1.0421329318217083      -1.0421329318217061      -1.0421462008121360      -1.0421462008120965      -1.0421376111449270      -1.0421376111455642      -1.0421649221188347      -1.0421649221187859
    1.800000      -1.0332671176316546      -1.0332716102015751      -1.0332716102016501      -1.0332850883737477      -1.0332850883735620      -1.0332716079846049      -1.0332716079846187      -1.0332850795024275      -1.0332850795023898      -1.0332761970977713      -1.0332761970977646      -1.0333034408564581      -1.0333034408564026
    1.900000      -1.0258996409367134      -1.0259041727590561      -1.0259041727587488      -1.0259177687056360      -1.0259177687054095      -1.0259041706066787      -1.0259041706066867      -1.0259177600924689      -1.0259177600924378      -1.0259085340321712      -1.0259085340321634      -1.0259352194951059      -1.0259352194950380
    2.000000      -1.0198886189184362      -1.0198931679136991      -1.0198931679133660      -1.0199068153797255      -1.0199068153794784      -1.0198931658488990      -1.0198931658489099      -1.0199068071168187      -1.0199068071167945      -1.0198971989524508      -1.0198971989524310      -1.0199229458376102      -1.0199229458375352
    2.100000      -1.0150688450815362      -1.0150733954203564      -1.0150733954199940      -1.0150870469333906      -1.0150870469331168      -1.0150733934467657      -1.0150733934473226      -1.0150870390375781      -1.0150870390375619      -1.0150770296545386      -1.0150770296545168      -1.0151015905201521      -1.0151015905200784
    2.200000      -1.0112641640082858      -1.0112687055198633      -1.0112687055194562      -1.0112823305531053      -1.0112823305539496      -1.0112687036288239      -1.0112687036294019      -1.0112823229880659      -1.0112823229888475      -1.0112719138942552      -1.0112719138942456      -1.0112951707752202      -1.0112951707751516
    2.300000      -1.0083014015492735      -1.0083059286523983      -1.0083059286521110      -1.0083195104578693      -1.0083195104579343      -1.0083059268275738      -1.0083059268281529      -1.0083195031572363      -1.0083195031573300      -1.0083087133488366      -1.0083087133488204      -1.0083306557960536      -1.0083306557959972
    2.400000      -1.0060205917963092      -1.0060251022975233      -1.0060251022973159      -1.0060386342978715      -1.0060386342983418      -1.0060251005201113      -1.0060251005206851      -1.0060386271865311      -1.0060386271870314      -1.0060274877631892      -1.0060274877631763      -1.0060481823544318      -1.0060481823543790
    2.500000      -1.0042811586371503      -1.0042856526257615      -1.0042856526259740      -1.0042991350702337      -1.0042991350711392      -1.0042856508783793      -1.0042856508786762      -1.0042991280771378      -1.0042991280777900      -1.0042876766036750      -1.0042876766036617      -1.0043072366924159      -1.0043072366923689
    2.600000      -1.0029644308418335      -1.0029689097552921      -1.0029689097549308      -1.0029823469863264      -1.0029823469872863      -1.0029689080213615      -1.0029689080216611      -1.0029823400508451      -1.0029823400508346      -1.0029706159212355      -1.0029706159212217      -1.0029891768178008      -1.0029891768177608
    2.700000      -1.0019733856878255      -1.0019778516816134      -1.0019778516815225      -1.0019912501222668      -1.0019912501232930      -1.0019778499500365      -1.0019778499503453      -1.0019912431946247      -1.0019912431946199      -1.0019792844324926      -1.0019792844324860      -1.0019969857277546      -1.0019969857277309
    2.800000      -1.0012306667288637      -1.0012351221712017      -1.0012351221712210      -1.0012484889531932      -1.0012484889542210      -1.0012351204321954      -1.0012351204325058      -1.0012484819950298      -1.0012484819950336      -1.0012363233934363      -1.0012363233934412      -1.0012532978935251      -1.0012532978935169
    2.900000      -1.0006757814026761      -1.0006802286140226      -1.0006802286138794      -1.0006935707235738      -1.0006935707244777      -1.0006802268595816      -1.0006802268598842      -1.0006935637052070      -1.0006935637052055      -1.0006812359926733      -1.0006812359926744      -1.0006976037760962      -1.0006976037760860
    3.000000      -1.0002621182088065      -1.0002665593172564      -1.0002665593172542      -1.0002798831137505      -1.0002798831128614      -1.0002665575422252      -1.0002665575425980      -1.0002798760127076      -1.0002798760119216      -1.0002674056933469      -1.0002674056933518      -1.0002832716859205      -1.0002832716859136
    3.100000      -0.9999541589610154      -0.9999585957994673      -0.9999585957995122      -0.9999719067852043      -0.9999719067846556      -0.9999585939993413      -0.9999585939997190      -0.9999718995839354      -0.9999718995833479      -0.9999593091659579      -0.9999593091659519      -0.9999747628995731      -0.9999747628995684
    3.200000      -0.9997250618293648      -0.9997294959267807      -0.9997294959269037      -0.9997427986819366      -0.9997427986819162      -0.9997294940983125      -0.9997294940986315      -0.9997427913671467      -0.9997427913668694      -0.9997300997784381      -0.9997300997784376      -0.9997452163674371      -0.9997452163674257
    3.300000      -0.9995546646319787      -0.9995590972164300      -0.9995590972165661      -0.9995723954320733      -0.9995723954322150      -0.9995590953572463      -0.9995590953574979      -0.9995723879939739      -0.9995723879939272      -0.9995596110577848      -0.9995596110577850      -0.9995744527538794      -0.9995744527538729
    3.400000      -0.9994278886816237      -0.9994323207177394      -0.9994323207178142      -0.9994456172833941      -0.9994456172831274      -0.9994323188259242      -0.9994323188262009      -0.9994456097147333      -0.9994456097151585      -0.9994327606146454      -0.9994327606147348      -0.9994473785493199      -0.9994473785493037
    3.500000      -0.9993334923684741      -0.9993379245884076      -0.9993379245884609      -0.9993512217053092      -0.9993512217047530      -0.9993379226630942      -0.9993379226633822      -0.9993512140024911      -0.9993512140028195      -0.9993383037008329      -0.9993383037007689      -0.9993527395933123      -0.9993527395932992
    3.600000      -0.9992631139483075      -0.9992675468973842      -0.9992675468974193      -0.9992808461966829      -0.9992808461959295      -0.9992675449380914      -0.9992675449383737      -0.9992808383580118      -0.9992808383582188      -0.9992678759597733      -0.9992678759597085      -0.9992821636792883      -0.9992821636792779
    3.700000      -0.9992105449091184      -0.9992149789772011      -0.9992149789772027      -0.9992282816326725      -0.9992282816318176      -0.9992149769841243      -0.9992149769843852      -0.9992282736588245      -0.9992282736590214      -0.9992152667180776      -0.9992152667180199      -0.9992294336539556      -0.9992294336539476
    3.800000      -0.9991711823823709      -0.9991756178419066      -0.9991756178425840      -0.9991889246710518      -0.9991889246700779      -0.9991756158162713      -0.9991756158165105      -0.9991889165640858      -0.9991889165642335      -0.9991758713409679      -0.9991758713409137      -0.9991899395730671      -0.9991899395730556
    3.900000      -0.9991416182070353      -0.9991460552394827      -0.9991460552400929      -0.9991593667851900      -0.9991593667842705      -0.9991460531815658      -0.9991460531817818      -0.9991593585492086      -0.9991593585493276      -0.9991462802250918      -0.9991462802250449      -0.9991602675067451      -0.9991602675067325
    4.000000      -0.9991193311967884      -0.9991237699152330      -0.9991237699157952      -0.9991370865171200      -0.9991370865162567      -0.9991237678262740      -0.9991237678265220      -0.9991370781572181      -0.9991370781573347      -0.9991239710156018      -0.9991239710155647      -0.9991378915902073      -0.9991378915901986
    4.100000      -0.9991024570850080      -0.9991068975523325      -0.9991068975528379      -0.9991202193995947      -0.9991202193987561      -0.9991068954338536      -0.9991068954341011      -0.9991202109218023      -0.9991202109219357      -0.9991070785014158      -0.9991070785013798      -0.9991209437763446      -0.9991209437763409
    4.200000      -0.9990896169445532      -0.9990940591870646      -0.9990940591875680      -0.9991073863595817      -0.9991073863587167      -0.9990940570408907      -0.9990940570410797      -0.9991073777705010      -0.9991073777706901      -0.9990942229955909      -0.9990942229955601      -0.9991080420962924      -0.9991080420962825
    4.300000      -0.9990797897017685      -0.9990842337204284      -0.9990842337209194      -0.9990975662187449      -0.9990975662179518      -0.9990842315481452      -0.9990842315482686      -0.9990975575251968      -0.9990975575253849      -0.9990843828168023      -0.9990843828167788      -0.9990981630412696      -0.9990981630412623
    4.400000      -0.9990722178949271      -0.9990766636702427      -0.9990766636707370      -0.9990900014377891      -0.9990900014369931      -0.9990766614736523      -0.9990766614737384      -0.9990899926467757      -0.9990899926469620      -0.9990768000176179      -0.9990768000175935      -0.9990905472082959      -0.9990905472082935
    4.500000      -0.9990663383792461      -0.9990707858785898      -0.9990707858790563      -0.9990841288168594      -0.9990841288160804      -0.9990707836592642      -0.9990707836593861      -0.9990841199353192      -0.9990841199354249      -0.9990709110703587      -0.9990709110703394      -0.9990846299175201      -0.9990846299175177
    4.600000      -0.9990617316104241      -0.9990661807906452      -0.9990661807911173      -0.9990795287703910      -0.9990795287696769      -0.9990661785503102      -0.9990661785504790      -0.9990795198049566      -0.9990795198050203      -0.9990662961290230      -0.9990662961290052      -0.9990799904168147      -0.9990799904168145
    4.700000      -0.9990580845872520      -0.9990625353972261      -0.9990625353978307      -0.9990758882661014      -0.9990758882654126      -0.9990625331376720      -0.9990625331378994      -0.9990758792231768      -0.9990758792231732      -0.9990626419566452      -0.9990626419566319      -0.9990763147611176      -0.9990763147611098
    4.800000      -0.9990551637218287      -0.9990596161049982      -0.9990596161055435      -0.9990729736924714      -0.9990729736918275      -0.9990596138275246      -0.9990596138277533      -0.9990729645781781      -0.9990729645781448      -0.9990597147821360      -0.9990597147821269      -0.9990733686288381      -0.9990733686288352
    4.900000      -0.9990527948505534      -0.9990572487470757      -0.9990572487477041      -0.9990706108697909      -0.9990706108691534      -0.9990572464532694      -0.9990572464534786      -0.9990706016898252      -0.9990706016897279      -0.9990573403015062      -0.9990573403014968      -0.9990709772892687      -0.9990709772892692
    5.000000      -0.9990508483728369      -0.9990553037169048      -0.9990553037175181      -0.9990686701813907      -0.9990686701807932      -0.9990553014079513      -0.9990553014081591      -0.9990686609409298      -0.9990686609408459      -0.9990553888010987      -0.9990553888010882      -0.9990690106976465      -0.9990690106977629
