# molecule         = LiH
# geometry         = Li 0 0 0; H 0 0 {R:.6f}
# basis            = sadlej
# basis_source     = sadlej.gbs
# lambda           = 0.025000
# omega            = 0.120800
# mode_dir         = [0.0, 0.0, 1.0]
# scheme           = axial
# offdiag          = none
# method           = QED-FCI
# nboson_max       = 20
# n_fock_states    = 21
# ff_step_h        = 0.0005
# n_field_points   = 9
# fci_tol          = 1e-11
# fci_max_cycle    = 300
# scf_conv_tol     = 1e-12
# center_geometry  = True
# frozen_core_orbitals = 1
# coherent_state   = True
# z_selfconsistent_iter = 4
# R_range_Ang      = 0.8:0.1:6.0
# R_e_ref_Ang      = 1.5957
# pyscf            = 2.11.0
# python           = 3.13.12
# host             = fedora
# date             = 2026-08-14 14:21:12
# columns          = R,fci[0],fci[+z],fci[-z],fci[+2z],fci[-2z],fci[+x],fci[-x],fci[+2x],fci[-2x]
    0.800000      -7.7754480381853224      -7.7745021210123317      -7.7763972712518461      -7.7735595331809533      -7.7773498095081024      -7.7754514421025664      -7.7754514421027920      -7.7754616555152634      -7.7754616555143325
    0.900000      -7.8610452664881247      -7.8600930460448213      -7.8620007767993316      -7.8591441292264310      -7.8629595655871700      -7.8610484239700575      -7.8610484239710541      -7.8610578978183083      -7.8610578978177559
    1.000000      -7.9198370167802850      -7.9188695818419035      -7.9208078907119264      -7.9179056031715476      -7.9217821887278186      -7.9198400777323990      -7.9198400777327214      -7.9198492618797749      -7.9198492618793797
    1.100000      -7.9596504245611532      -7.9586608518131134      -7.9606437092712463      -7.9576750137369014      -7.9616406858179509      -7.9596534803345769      -7.9596534803353336      -7.9596626489314737      -7.9596626489311726
    1.200000      -7.9859758494879971      -7.9849587441670016      -7.9869970454572137      -7.9839457595866339      -7.9880223049755497      -7.9859789616787422      -7.9859789616783434      -7.9859882995695370      -7.9859882995692235
    1.300000      -8.0026942755117005      -8.0016453516746733      -8.0037477689900776      -8.0006010374344108      -8.0048057957806265      -8.0026974908395960      -8.0026974908391111      -8.0027071382371471      -8.0027071382367758
    1.400000      -8.0125701489688286      -8.0114860145019371      -8.0136594319735064      -8.0104070816411639      -8.0147538150011997      -8.0125735064236725      -8.0125735064230863      -8.0125835803406567      -8.0125835803402321
    1.500000      -8.0175869680385503      -8.0164650577743064      -8.0187147095127465      -8.0153490491283605      -8.0198482176576746      -8.0175905010250883      -8.0175905010252215      -8.0176011017174122      -8.0176011017168705
    1.600000      -8.0191721228522166      -8.0180106418502515      -8.0203402314558403      -8.0168558817198541      -8.0215148820807922      -8.0191758597383718      -8.0191758597386098      -8.0191870723531622      -8.0191870723523948
    1.700000      -8.0183523223212223      -8.0171501695432337      -8.0195620298389692      -8.0159556948807023      -8.0207791789100344      -8.0183562877377863      -8.0183562877381860      -8.0183681862150156      -8.0183681862160068
    1.800000      -8.0158666142085568      -8.0146233389863202      -8.0171185263602140      -8.0133888636804969      -8.0183789260534617      -8.0158708309621520      -8.0158708309628306      -8.0158834837755322      -8.0158834837769319
    1.900000      -8.0122487783860379      -8.0109645870447412      -8.0135428757607503      -8.0096905168171091      -8.0148466823355573      -8.0122532691877986      -8.0122532691874717      -8.0122667445340490      -8.0122667445336546
    2.000000      -8.0078860090454995      -8.0065618075731244      -8.0092216128885969      -8.0052492920302587      -8.0105683601070705      -8.0078907977889777      -8.0078907977885034      -8.0079051674206205      -8.0079051674198851
    2.100000      -8.0030601838371513      -8.0016976449647643      -8.0044358989824094      -8.0003486558776196      -8.0058244500186770      -8.0030652965154054      -8.0030652965147251      -8.0030806384960762      -8.0030806384967885
    2.200000      -7.9979769945362778      -7.9965786455546954      -7.9993906336875211      -7.9951960782022375      -8.0008191162340552      -7.9979824599452805      -7.9979824599443150      -7.9979988607643095      -7.9979988607654811
    2.300000      -7.9927867738865848      -7.9913561043615005      -7.9942352642975765      -7.9899439012287479      -7.9957009901977436      -7.9927926242276115      -7.9927926242271061      -7.9928101805980738      -7.9928101805974698
    2.400000      -7.9875995945282687      -7.9861411825901989      -7.9890788681103784      -7.9847044775790819      -7.9905782384068313      -7.9876058659494902      -7.9876058659487130      -7.9876246864472122      -7.9876246864461953
    2.500000      -7.9824963255801995      -7.9810159795310947      -7.9840011945652503      -7.9795612577492614      -7.9855295913394020      -7.9825030586825561      -7.9825030586814050      -7.9825232652554785      -7.9825232652565941
    2.600000      -7.9775367655749285      -7.9760416737625919      -7.9790607882489297      -7.9745769363678809      -7.9806124559916034      -7.9775440058277729      -7.9775440058261147      -7.9775657350498088      -7.9775657350494793
    2.700000      -7.9727656186924198      -7.9712644937059078      -7.9743009644880960      -7.9697994074427552      -7.9758688868772314      -7.9727734166825392      -7.9727734166817079      -7.9727968204686714      -7.9727968204681341
    2.800000      -7.9682168518840815      -7.9667200436950107      -7.9697541834131194      -7.9652660395571120      -7.9713299672827542      -7.9682252632225490      -7.9682252632212993      -7.9682505085722140      -7.9682505085728721
    2.900000      -7.9639168072078279      -7.9624363438340655      -7.9654452091844616      -7.9610066089349170      -7.9670189967421514      -7.9639258919005016      -7.9639258918987297      -7.9639531589748458      -7.9639531589757961
    3.000000      -7.9598863200578673      -7.9584358155241510      -7.9613933207623528      -7.9570451012033248      -7.9629537636271746      -7.9598961410429707      -7.9598961410437816      -7.9599256187480076      -7.9599256187477643
    3.100000      -7.9561420015827595      -7.9547363559229352      -7.9576137480044729      -7.9534005142494664      -7.9591480906687746      -7.9561526221304515      -7.9561526221298058      -7.9561845002781206      -7.9561845002777574
    3.200000      -7.9526967862381932      -7.9513516038888925      -7.9541184413576698      -7.9500867829328241      -7.9556127726496317      -7.9527082659881803      -7.9527082659873116      -7.9527427233915864      -7.9527427233910615
    3.300000      -7.9495598349188397      -7.9482905235756105      -7.9509162515407557      -7.9471120198162364      -7.9523559817446410      -7.9495722245953981      -7.9495722245942861      -7.9496094131684210      -7.9496094131676660
    3.400000      -7.9467359313623405      -7.9455565262250296      -7.9480126074301882      -7.9444774143689196      -7.9493832039208128      -7.9467492666469735      -7.9467492666456065      -7.9467892930037589      -7.9467892930044055
    3.500000      -7.9442246084021297      -7.9431464859692671      -7.9454088399111624      -7.9421762858264557      -7.9466967961955275      -7.9442389040146271      -7.9442389040156245      -7.9442818117439495      -7.9442818117444975
    3.600000      -7.9420193477989107      -7.9410501000572715      -7.9431013898725933      -7.9401938168004405      -7.9442953164210532      -7.9420345932668663      -7.9420345932681160      -7.9420803502974646      -7.9420803502985891
    3.700000      -7.9401072351191599      -7.9392499961477139      -7.9410812120281058      -7.9385078076984943      -7.9421728517654335      -7.9401233936139626      -7.9401233936154432      -7.9401718888091288      -7.9401718888104895
    3.800000      -7.9384693492845413      -7.9377227587800654      -7.9393336774815468      -7.9370904245644924      -7.9403186132955845      -7.9384863601493088      -7.9384863601509235      -7.9385374110002793      -7.9385374109998992
    3.900000      -7.9370819308150633      -7.9364407206043142      -7.9378391487247750      -7.9359105518995205      -7.9387170238637914      -7.9370997153011853      -7.9370997152972720      -7.9371530851654466      -7.9371530851650158
    4.000000      -7.9359181076754126      -7.9353741119628074      -7.9365741853819793      -7.9349362025558001      -7.9373483914538507      -7.9359365764005467      -7.9359365763968732      -7.9359919969434660      -7.9359919969429660
    4.100000      -7.9349497979863344      -7.9344931072402272      -7.9355131376515597      -7.9341365261830390      -7.9361900774048477      -7.9349688584215112      -7.9349688584183733      -7.9350260520304703      -7.9350260520299427
    4.200000      -7.9341494188756441      -7.9337694347973553      -7.9346297939070132      -7.9334831870694185      -7.9352179234798461      -7.9341689814983205      -7.9341689814959251      -7.9342276797036098      -7.9342276797053755
    4.300000      -7.9334911671191932      -7.9331774190797013      -7.9338987936028502      -7.9329511048383248      -7.9344076577297020      -7.9335111496191528      -7.9335111496176172      -7.9335711056755116      -7.9335711056772160
    4.400000      -7.9329518043997478      -7.9326944913329429      -7.9332966440182631      -7.9325186849707414      -7.9337360577336282      -7.9329721339489785      -7.9329721339481036      -7.9330331296272529      -7.9330331296287895
    4.500000      -7.9325110036776172      -7.9323012934577601      -7.9328023130820018      -7.9321677064893823      -7.9331817606670398      -7.9325316177052114      -7.9325316177049769      -7.9325934654911192      -7.9325934654936052
    4.600000      -7.9321513713770360      -7.9319815181712876      -7.9323974616181685      -7.9318830168470082      -7.9327257152153283      -7.9321722172476914      -7.9321722172478788      -7.9322347594534381      -7.9322347594550919
    4.700000      -7.9318582647095068      -7.9317216062384706      -7.9320664153871672      -7.9316521434867360      -7.9323513366504779      -7.9318792988453488      -7.9318792988457849      -7.9319424049234222      -7.9319424049225855
    4.800000      -7.9316195021626044      -7.9315103872288324      -7.9317959764711716      -7.9314648918631869      -7.9320444514611612      -7.9316406888910072      -7.9316406888915232      -7.9317042519875764      -7.9317042519867629
    4.900000      -7.9314250354652520      -7.9313387175626406      -7.9315751532256726      -7.9313129685070081      -7.9317931137520317      -7.9314463458223408      -7.9314463458229891      -7.9315102791753267      -7.9315102791739207
    5.000000      -7.9312666251723947      -7.9311991451479287      -7.9313948635791940      -7.9311896469217826      -7.9315873580480067      -7.9312880357651618      -7.9312880357658404      -7.9313522693124634      -7.9313522693096452
    5.100000      -7.9311375424408475      -7.9310856136183938      -7.9312476451493614      -7.9310894815333395      -7.9314189329220550      -7.9311590344458462      -7.9311590344464458      -7.9312235118121173      -7.9312235118111660
    5.200000      -7.9310323068341813      -7.9309932095394231      -7.9311273900689008      -7.9310080682345996      -7.9312810426299070      -7.9310538651365956      -7.9310538651370077      -7.9311185410545422      -7.9311185410533263
    5.300000      -7.9309464622557524      -7.9309179506695635      -7.9310291120704139      -7.9309418467985022      -7.9311681111997308      -7.9309680747324363      -7.9309680747328262      -7.9310329128890400      -7.9310329128878170
    5.400000      -7.9308763890136049      -7.9308566109297978      -7.9309487472500022      -7.9308879393209519      -7.9310755750798858      -7.9308980459377798      -7.9308980459380907      -7.9309630172030499      -7.9309630172018233
    5.500000      -7.9308191481954751      -7.9308065770389016      -7.9308829866696335      -7.9308440189856304      -7.9309997054477730      -7.9308408417576395      -7.9308408417576750      -7.9309059227464482      -7.9309059227450112
    5.600000      -7.9307723538022445      -7.9307657316725706      -7.9308291373215694      -7.9308082037622967      -7.9309374584517105      -7.9307940777325614      -7.9307940777333101      -7.9308592496477486      -7.9308592496520109
    5.700000      -7.9307340684324643      -7.9307323587347138      -7.9307850077462820      -7.9307789706275003      -7.9308863506204492      -7.9307558176811677      -7.9307558176836146      -7.9308210653817204      -7.9308210653884910
    5.800000      -7.9307027186034675      -7.9307050668118348      -7.9307488146012348      -7.9307550864858287      -7.9308443562385484      -7.9307244890526132      -7.9307244890518662      -7.9307898002995012      -7.9307898003029633
    5.900000      -7.9306770247095910      -7.9306827261984392      -7.9307191049887065      -7.9307355516096685      -7.9308098214531597      -7.9306988131077887      -7.9306988131120795      -7.9307641780106950      -7.9307641780204010
    6.000000      -7.9306559474837321      -7.9306644206807633      -7.9306946968408267      -7.9307195561903185      -7.9307813980062427      -7.9306777510770203      -7.9306777510767281      -7.9307431615622823      -7.9307431615669053
