# molecule         = LiH
# geometry         = Li 0 0 0; H 0 0 {R:.6f}
# basis            = sadlej
# basis_source     = sadlej.gbs
# lambda           = 0.050000
# omega            = 0.120800
# mode_dir         = [1.0, 0.0, 0.0]
# scheme           = general
# offdiag          = none
# method           = QED-FCI
# nboson_max       = 20
# n_fock_states    = 21
# ff_step_h        = 0.0005
# n_field_points   = 13
# fci_tol          = 1e-11
# fci_max_cycle    = 300
# scf_conv_tol     = 1e-12
# center_geometry  = True
# frozen_core_orbitals = 1
# coherent_state   = True
# z_selfconsistent_iter = 4
# R_range_Ang      = 0.8:0.1:6.0
# R_e_ref_Ang      = 1.5957
# pyscf            = 2.11.0
# python           = 3.13.12
# host             = fedora
# date             = 2026-08-16 13:32:58
# columns          = R,mu_abs,mu_x,mu_y,mu_z,a_xx,a_yy,a_zz,a_xz,a_iso,err_xx,err_yy,err_zz,dse_mu_z,dse_a_xx,dse_a_yy,dse_a_zz,dse_a_iso,boson_gap,status
#             R         mu_abs           mu_x           mu_y           mu_z           a_xx           a_yy           a_zz           a_xz          a_iso         err_xx         err_yy         err_zz       dse_mu_z       dse_a_xx       dse_a_yy       dse_a_zz      dse_a_iso      boson_gap         status
     0.800000       1.894552       0.000000       0.000000      -1.894552      26.704682      26.972865      13.057266       0.000000      22.244938       0.003044       0.003145       0.002623      -1.899034      23.932099      26.466222      12.541389      20.979903       0.000000  OK
     0.900000       1.907345      -0.000000       0.000000      -1.907345      24.782129      25.031857      12.983123       0.000000      20.932370       0.002544       0.002642       0.002284      -1.911631      22.377221      24.598325      12.532407      19.835984            nan  OK
     1.000000       1.938220       0.000000      -0.000000      -1.938220      24.028501      24.272982      13.592586       0.000000      20.631356       0.002344       0.002434       0.002301      -1.942740      21.768134      23.870026      13.154543      19.597568            nan  OK
     1.100000       1.983107       0.000000      -0.000000      -1.983107      23.985283      24.233555      14.685266       0.000000      20.968034       0.002301       0.002393       0.002518      -1.988115      21.738068      23.835338      14.229147      19.934184            nan  OK
     1.200000       2.038898       0.000000      -0.000000      -2.038898      24.418826      24.677518      16.191240       0.000000      21.762528       0.002386       0.002483       0.002930      -2.044594      22.094708      24.265996      15.694045      20.684916            nan  OK
     1.300000       2.103335       0.000000      -0.000000      -2.103335      25.212235      25.486347      18.093649       0.000000      22.930743       0.002563       0.002670       0.003559      -2.109905      22.739585      25.047207      17.535140      21.773977            nan  OK
     1.400000       2.174618       0.000000      -0.000000      -2.174618      26.306227      26.599336      20.396498       0.000000      24.434020       0.002825       0.002932       0.004479      -2.182255      23.622018      26.120435      19.756818      23.166424            nan  OK
     1.500000       2.251109      -0.000000      -0.000000      -2.251109      27.659772      27.974232      23.117727       0.000000      26.250577       0.003158       0.003276       0.005784      -2.260011      24.706196      27.444957      22.375363      24.842172            nan  OK
     1.600000       2.331276      -0.000000       0.000000      -2.331276      29.235273      29.573059      26.296173       0.000000      28.368168       0.003585       0.003712       0.007603      -2.341662      25.957843      28.983556      25.425976      26.789125            nan  OK
     1.700000       2.413745      -0.000000       0.000000      -2.413745      31.003711      31.367123      29.997982       0.000000      30.789605       0.004088       0.004227       0.010093      -2.425859      27.348365      30.707344      28.969278      29.008329            nan  OK
     1.800000       2.497235      -0.000000      -0.000000      -2.497235      32.950132      33.342004      34.318536       0.000000      33.536891       0.004693       0.004842       0.013489      -2.511371      28.860144      32.601039      33.093409      31.518197            nan  OK
     1.900000       2.580467      -0.000000      -0.000000      -2.580467      35.073012      35.496620      39.383741       0.000000      36.651124       0.005414       0.005576       0.018102      -2.596977      30.486306      34.662233      37.915285      34.354608            nan  OK
     2.000000       2.662092      -0.000000      -0.000000      -2.662092      37.380940      37.839908      45.353266       0.000000      40.191371       0.006268       0.006443       0.024370      -2.681394      32.227928      36.898233      43.583757      37.569973            nan  OK
     2.100000       2.740635      -0.000000       0.000000      -2.740635      39.889776      40.388038      52.426428       0.000000      44.234747       0.007289       0.007475       0.032862      -2.763223      34.091501      39.323373      50.285340      41.233405            nan  OK
     2.200000       2.814459       0.000000       0.000000      -2.814459      42.621033      43.162805      60.850086       0.000000      48.877975       0.008485       0.008684       0.044277      -2.840916      36.087355      41.957426      58.252154      45.432312            nan  OK
     2.300000       2.881728       0.000000       0.000000      -2.881728      45.600943      46.190744      70.927214       0.000000      54.239634       0.009898       0.010094       0.059462      -2.912732      38.228830      44.824843      67.771201      50.274958            nan  OK
     2.400000       2.940376       0.000000       0.000000      -2.940376      48.860115      49.502667      83.024300       0.000000      60.462361       0.011560       0.011760       0.079335      -2.976710      40.531886      47.954456      79.193410      55.893251            nan  OK
     2.500000       2.988076      -0.000000      -0.000000      -2.988076      52.433201      53.133415      97.574260       0.000000      67.713625       0.013504       0.013679       0.104608      -3.030634      43.014879      51.379320      92.939870      62.444690            nan  OK
     2.600000       3.022227       0.000000       0.000000      -3.022227      56.358236      57.120978     115.069263       0.000000      76.182826       0.015754       0.015898       0.135357      -3.072006      45.698250      55.136363     109.500871      70.111828            nan  OK
     2.700000       3.039962       0.000000      -0.000000      -3.039962      60.675320      61.505234     136.035474       0.000000      86.072009       0.018340       0.018405       0.170183      -3.098042      48.603935      59.265523     129.420703      79.096720            nan  OK
     2.800000       3.038194       0.000000      -0.000000      -3.038194      65.424189      66.325257     160.978042       0.000000      97.575829       0.021247       0.021209       0.204868      -3.105687      51.754206      63.807953     153.257531      89.606563            nan  OK
     2.900000       3.013733       0.000000       0.000000      -3.013733      70.640077      71.615159     190.282424       0.000000     110.845887       0.024431       0.024259       0.230745      -3.091693      55.169664      68.802789     181.504133     101.825529            nan  OK
     3.000000       2.963505       0.000000       0.000000      -2.963505      76.347401      77.397710     224.060811       0.000000     125.935307       0.027835       0.027438       0.233433      -3.052784      58.866073      74.281945     214.454303     115.867440            nan  OK
     3.100000       2.884893       0.000000      -0.000000      -2.884893      82.551327      83.675615     261.946009       0.000000     142.724317       0.031307       0.030622       0.193373      -2.985940      62.849787      80.262512     252.007104     131.706468            nan  OK
     3.200000       2.776221       0.000000       0.000000      -2.776221      89.227386      90.421361     302.865413       0.000000     160.838053       0.034641       0.033584       0.090827      -2.888834      67.111886      86.736851     293.423965     149.090900            nan  OK
     3.300000       2.637323       0.000000      -0.000000      -2.637323      96.311375      97.567183     344.875920       0.000000     179.584826       0.037534       0.036015       0.083357      -2.760397      71.621741      93.661545     337.098942     167.460743            nan  OK
     3.400000       2.470080      -0.000000       0.000000      -2.470080     103.692467     104.998552     385.182945       0.000000     197.957988       0.039663       0.037622       0.313418      -2.601438      76.321662     100.947879     380.457608     185.909050            nan  OK
     3.500000       2.278739       0.000000       0.000000      -2.278739     111.214032     112.555644     420.459555       0.000000     214.743077       0.040765       0.038117       0.550086      -2.415135      81.125115     108.458036     420.130384     203.237845            nan  OK
     3.600000       2.069791       0.000000       0.000000      -2.069791     118.685338     120.045527     447.476468       0.000000     228.735778       0.040659       0.037360       0.719554      -2.207176      85.921016     116.011334     452.487676     218.140009            nan  OK
     3.700000       1.851333       0.000000       0.000000      -1.851333     125.903735     127.264873     463.870526       0.000000     239.013045       0.039317       0.035373       0.752632      -1.985354      90.585097     123.402370     474.450917     229.479461            nan  OK
     3.800000       1.631994       0.000000       0.000000      -1.631994     132.682265     134.027762     468.739361       0.000000     245.149796       0.036877       0.032322       0.619040      -1.758616      94.996415     130.428274     484.286785     236.570491            nan  OK
     3.900000       1.419754       0.000000       0.000000      -1.419754     138.874353     140.190094     462.792343       0.000000     247.285597       0.033669       0.028567       0.342883      -1.535802      99.054318     136.917222     482.025047     239.332196            nan  OK
     4.000000       1.220998       0.000000       0.000000      -1.220998     144.388825     145.664097     448.016228       0.000000     246.023050       0.029955       0.024377       0.010658      -1.324464     102.690593     142.749550     469.314779     238.251641            nan  OK
     4.100000       1.040024       0.000000      -0.000000      -1.040024     149.191386     150.419106     427.053472       0.000000     242.221321       0.026123       0.020166       0.366412      -1.130097     105.873644     147.865702     448.833262     234.190869            nan  OK
     4.200000       0.879048      -0.000000       0.000000      -0.879048     153.296519     154.473060     402.578853       0.000000     236.782810       0.022364       0.016073       0.665963      -0.955922     108.605055     152.261474     423.555756     228.140762            nan  OK
     4.300000       0.738536      -0.000000       0.000000      -0.738536     156.752932     157.877393     376.867658       0.000000     230.499328       0.018964       0.012432       0.879716      -0.803115     110.911383     155.974961     396.170165     221.018836            nan  OK
     4.400000       0.617694       0.000000       0.000000      -0.617694     159.629663     160.703218     351.607320       0.000000     223.980067       0.015948       0.009263       1.003563      -0.671287     112.834586     159.070900     368.761605     213.555697            nan  OK
     4.500000       0.514945      -0.000000      -0.000000      -0.514945     162.003607     163.028967     327.894968       0.000000     217.642514       0.013323       0.006467       1.049644      -0.559022     114.423589     161.626671     342.742149     206.264136            nan  OK
     4.600000       0.428322      -0.000000      -0.000000      -0.428322     163.950954     164.931564     306.336719       0.000000     211.739746       0.011123       0.004135       1.037047      -0.464346     115.728092     163.721884     318.932653     199.460876            nan  OK
     4.700000       0.355753      -0.000000       0.000000      -0.355753     165.542379     166.481984     287.179289       0.000000     206.401217       0.009253       0.002242       0.985041      -0.385077     116.794694     165.431721     297.705590     193.310668            nan  OK
     4.800000       0.295230      -0.000000       0.000000      -0.295230     166.840286     167.742881     270.431907       0.000000     201.671691       0.007709       0.000658       0.909788      -0.319049     117.664922     166.823497     279.129525     187.872648            nan  OK
     4.900000       0.244911       0.000000       0.000000      -0.244911     167.898190     168.767682     255.962299       0.000000     197.542724       0.006452       0.000658       0.823404      -0.264248     118.374513     167.955306     263.087775     183.139198            nan  OK
     5.000000       0.203165      -0.000000       0.000000      -0.203165     168.761083     169.601045     243.564719       0.000000     193.975616       0.005371       0.001739       0.734323      -0.218876     118.953512     168.876065     249.364559     179.064712            nan  OK
     5.100000       0.168578      -0.000000       0.000000      -0.168578     169.465951     170.279794     233.004867       0.000000     190.916871       0.004513       0.002620       0.647853      -0.181368     119.426767     169.626262     237.702232     175.585087            nan  OK
     5.200000       0.139943      -0.000000      -0.000000      -0.139943     170.043179     170.833969     224.046908       0.000000     188.308019       0.003812       0.003346       0.567059      -0.150388     119.814619     170.239016     227.836421     172.630019            nan  OK
     5.300000       0.116245       0.000000       0.000000      -0.116245     170.517399     171.287862     216.468560       0.000000     186.091274       0.003226       0.003929       0.493494      -0.124810     120.133527     170.741154     219.515826     170.130169            nan  OK
     5.400000       0.096633       0.000000       0.000000      -0.096633     170.908473     171.661093     210.068604       0.000000     184.212723       0.002747       0.004419       0.427624      -0.103692     120.396837     171.154314     212.512046     168.021066            nan  OK
     5.500000       0.080400       0.000000       0.000000      -0.080400     171.232416     171.969378     204.669268       0.000000     182.623687       0.002339       0.004820       0.369390      -0.086252     120.615273     171.495866     206.623302     166.244814            nan  OK
     5.600000       0.066959       0.000000       0.000000      -0.066959     171.502041     172.225298     200.116292       0.000000     181.281210       0.002005       0.005159       0.318340      -0.071843     120.797412     171.779703     201.674665     164.750594            nan  OK
     5.700000       0.055825       0.000000       0.000000      -0.055825     171.727652     172.438916     196.277293       0.000000     180.147954       0.001728       0.005440       0.273872      -0.059932     120.950129     172.016974     197.516337     163.494480            nan  OK
     5.800000       0.046598      -0.000000       0.000000      -0.046598     171.917511     172.618289     193.039631       0.000000     179.191811       0.001491       0.005688       0.235290      -0.050079     121.078917     172.216454     194.021190     162.438854            nan  OK
     5.900000       0.038946      -0.000000       0.000000      -0.038946     172.078222     172.769808     190.307909       0.000000     178.385313       0.001291       0.005881       0.201938      -0.041922     121.188273     172.385304     191.082040     161.551872            nan  OK
     6.000000       0.032597      -0.000000       0.000000      -0.032597     172.215076     172.898650     188.001702       0.000000     177.705143       0.001127       0.006060       0.173163      -0.035164     121.281692     172.529143     188.608737     160.806524       0.000000  OK
