# molecule         = LiH
# geometry         = Li 0 0 0; H 0 0 {R:.6f}
# basis            = sadlej
# basis_source     = sadlej.gbs
# lambda           = 0.050000
# omega            = 0.120800
# mode_dir         = [0.0, 0.0, 1.0]
# scheme           = axial
# offdiag          = none
# method           = QED-FCI
# nboson_max       = 20
# n_fock_states    = 21
# ff_step_h        = 0.0005
# n_field_points   = 9
# fci_tol          = 1e-11
# fci_max_cycle    = 300
# scf_conv_tol     = 1e-12
# center_geometry  = True
# frozen_core_orbitals = 1
# coherent_state   = True
# z_selfconsistent_iter = 4
# R_range_Ang      = 0.8:0.1:6.0
# R_e_ref_Ang      = 1.5957
# pyscf            = 2.11.0
# python           = 3.13.12
# host             = fedora
# date             = 2026-08-14 14:40:23
# columns          = R,fci[0],fci[+z],fci[-z],fci[+2z],fci[-2z],fci[+x],fci[-x],fci[+2x],fci[-2x]
    0.800000      -7.7738518571589061      -7.7729080635051453      -7.7747988816233695      -7.7719675122896650      -7.7757491276991413      -7.7738552204093976      -7.7738552204089544      -7.7738653117154719      -7.7738653117143581
    0.900000      -7.8594387709439459      -7.8584883065125002      -7.8603924453011196      -7.8575410639336702      -7.8613493197599125      -7.8594418918473758      -7.8594418918481965      -7.8594512558713534      -7.8594512558721856
    1.000000      -7.9181926759394532      -7.9172266763968384      -7.9191620336928157      -7.9162640502294721      -7.9201347366008132      -7.9181957015875222      -7.9181957015881563      -7.9182047797462918      -7.9182047797469659
    1.100000      -7.9579454204699083      -7.9569569995477547      -7.9589374686671501      -7.9559722260998926      -7.9599331262566348      -7.9579484405104175      -7.9579484405110090      -7.9579575018340485      -7.9579575018346898
    1.200000      -7.9841910817133188      -7.9831748301025183      -7.9852113328737477      -7.9821626051311361      -7.9862355591938741      -7.9841941566482433      -7.9841941566488615      -7.9842033827014625      -7.9842033827021286
    1.300000      -8.0008175532685541      -7.9997691102065849      -8.0018704644216303      -7.9987251715524739      -8.0029278106410384      -8.0008207291654845      -8.0008207291662679      -8.0008302581975155      -8.0008302581983273
    1.400000      -8.0106000901668963      -8.0095159765488741      -8.0116892343544528      -8.0084369420196655      -8.0127833647392954      -8.0106034056033035      -8.0106034056030246      -8.0106133533824782      -8.0106133533835582
    1.500000      -8.0155304162475236      -8.0144080107788884      -8.0166585121208449      -8.0132913602888092      -8.0177922391802241      -8.0155339042528730      -8.0155339042526137      -8.0155443699143305      -8.0155443699133819
    1.600000      -8.0170369922556208      -8.0158744620617206      -8.0182059805121764      -8.0147184756425389      -8.0193813481630762      -8.0170406807833494      -8.0170406807829107      -8.0170517482322214      -8.0170517482309247
    1.700000      -8.0161434890954588      -8.0149396867038227      -8.0173546424435926      -8.0137433488647645      -8.0185730425059862      -8.0161474023202537      -8.0161474023196320      -8.0161591441231064      -8.0161591441248987
    1.800000      -8.0135858392114319      -8.0123402507429873      -8.0148398210664080      -8.0111032060887926      -8.0161020583894675      -8.0135899994539042      -8.0135899994537780      -8.0136024826147665      -8.0136024826170882
    1.900000      -8.0098959173763689      -8.0086086728551393      -8.0111927789463042      -8.0073312445374896      -8.0124990752636478      -8.0099003468506762      -8.0099003468505092      -8.0099136380885003      -8.0099136380868199
    2.000000      -8.0054600421791946      -8.0041319641271862      -8.0067991824474909      -8.0028152119551557      -8.0081491440828287      -8.0054647643183987      -8.0054647643182921      -8.0054789339943007      -8.0054789339956596
    2.100000      -8.0005598392733237      -7.9991925152003507      -8.0019399429231122      -7.9978383198093903      -8.0033325080365856      -8.0005648796811268      -8.0005648796786879      -8.0005800046888353      -8.0005800046874480
    2.200000      -7.9954010808049105      -7.9939969567864599      -7.9968200375466552      -7.9926081277016188      -7.9982534069571756      -7.9954064680085164      -7.9954064680078432      -7.9954226340241501      -7.9954226340254744
    2.300000      -7.9901343498747810      -7.9886968463331858      -7.9915891544234867      -7.9872772553692641      -7.9930607057118994      -7.9901401159824248      -7.9901401159815215      -7.9901574194414380      -7.9901574194436336
    2.400000      -7.9848700686558409      -7.9834037193250271      -7.9863567003728431      -7.9819584600996816      -7.9878628843040715      -7.9848762499816424      -7.9848762499784547      -7.9848947999589202      -7.9848947999599131
    2.500000      -7.9796895439136364      -7.9782001570870804      -7.9812028261592518      -7.9767357284241562      -7.9827390450082936      -7.9796961815908860      -7.9796961815896621      -7.9797161016263427      -7.9797161016278926
    2.600000      -7.9746531269490220      -7.9731479641255518      -7.9761865686903981      -7.9716724691270269      -7.9777470374628585      -7.9746602674861577      -7.9746602674845466      -7.9746816972781982      -7.9746816972770231
    2.700000      -7.9698062403459842      -7.9682941996766727      -7.9713518679218858      -7.9668175412117215      -7.9729294629319813      -7.9698139360602145      -7.9698139360548232      -7.9698370327073551      -7.9698370327083117
    2.800000      -7.9651837979589706      -7.9636755763355742      -7.9667319944692832      -7.9622096112214056      -7.9683181005601798      -7.9651921070672849      -7.9651921070657874      -7.9652170454052174      -7.9652170454066624
    2.900000      -7.9608133801693279      -7.9593215673010818      -7.9623527654765986      -7.9578801547218951      -7.9639371443944391      -7.9608223663482667      -7.9608223663464583      -7.9608493375463203      -7.9608493375453131
    3.000000      -7.9567173973181671      -7.9552564286632741      -7.9582348027388052      -7.9538552770516020      -7.9598055215745864      -7.9567271283044070      -7.9567271283036272      -7.9567563356583335      -7.9567563356590529
    3.100000      -7.9529143722137752      -7.9515002424389829      -7.9543949877729778      -7.9501564363392339      -7.9559384665738317      -7.9529249170651592      -7.9529249170643119      -7.9529565677537031      -7.9529565677546845
    3.200000      -7.9494194063988299      -7.9480690379360999      -7.9508471945234245      -7.9468001385167950      -7.9523484509527425      -7.9494308310415960      -7.9494308310407487      -7.9494651227146411      -7.9494651227159583
    3.300000      -7.9462438849631374      -7.9449740845755645      -7.9476023441309058      -7.9437967789751927      -7.9490455182973045      -7.9462562459729860      -7.9462562459727444      -7.9462933480306672      -7.9462933480298581
    3.400000      -7.9433945464104418      -7.9422205908947028      -7.9446678472341645      -7.9411490313250761      -7.9460370626718788      -7.9434078835438555      -7.9434078835436512      -7.9434479147606663      -7.9434479147596297
    3.500000      -7.9408721984165478      -7.9398062600125172      -7.9420465919708452      -7.9388504359970913      -7.9433271316824223      -7.9408865273108562      -7.9408865273108598      -7.9409295339334944      -7.9409295339321702
    3.600000      -7.9386705385417082      -7.9377203189567433      -7.9397357821480607      -7.9368849217363637      -7.9409154342047197      -7.9386858455536382      -7.9386858455540770      -7.9387317859067075      -7.9387317859050981
    3.700000      -7.9367756151321078      -7.9359435874312716      -7.9377260570300923      -7.9352277306186423      -7.9387963569532820      -7.9367918562199353      -7.9367918562210473      -7.9368405974703693      -7.9368405974685947
    3.800000      -7.9351663172845326      -7.9344498084196555      -7.9360013220247403      -7.9338476710394561      -7.9369583687238290      -7.9351834217050552      -7.9351834217040587      -7.9352347510427688      -7.9352347510409498
    3.900000      -7.9338159236841381      -7.9332079761040326      -7.9345395216175580      -7.9327101051207238      -7.9353841330649235      -7.9338338015785537      -7.9338338015777436      -7.9338874490891973      -7.9338874490874325
    4.000000      -7.9326943495951721      -7.9321850507018743      -7.9333142553544027      -7.9317798944385727      -7.9340514376186366      -7.9327129013583138      -7.9327129013605324      -7.9327685681060984      -7.9327685681042386
    4.100000      -7.9317705304824209      -7.9313484235388687      -7.9322968492903012      -7.9310237177134386      -7.9329347689466330      -7.9317896555593865      -7.9317896555563454      -7.9318470399475096      -7.9318470399457324
    4.200000      -7.9310144470533404      -7.9306677298261157      -7.9314584004219064      -7.9304115296410842      -7.9320071622033490      -7.9310340506398251      -7.9310340506378099      -7.9310928684406559      -7.9310928684388582
    4.300000      -7.9303985290617796      -7.9301159061403741      -7.9307714224504604      -7.9299172269025604      -7.9312419287667497      -7.9304185261921019      -7.9304185261913451      -7.9304785227559886      -7.9304785227542016
    4.400000      -7.9298984135697888      -7.9296696018560393      -7.9302109289676643      -7.9295187322795018      -7.9306139883320377      -7.9299187308826617      -7.9299187308829167      -7.9299796864456455      -7.9299796864439331
    4.500000      -7.9294931811195477      -7.9293091390396953      -7.9297549739463387      -7.9291977252136547      -7.9301007071877061      -7.9295137570301950      -7.9295137570286638      -7.9295754870666668      -7.9295754870680302
    4.600000      -7.9291652415191338      -7.9290182102337772      -7.9293847716009571      -7.9289392007669743      -7.9296822844655512      -7.9291860253277342      -7.9291860253276027      -7.9292483779451652      -7.9292483779477854
    4.700000      -7.9289000234644211      -7.9287834570156130      -7.9290845419588978      -7.9287309769636281      -7.9293417979347360      -7.9289209740323336      -7.9289209740342379      -7.9289838259586798      -7.9289838259621668
    4.800000      -7.9286855812948067      -7.9285940215580686      -7.9288412081408195      -7.9285632192011342      -7.9290650327842842      -7.9287066656820064      -7.9287066656932810      -7.9287699178489248      -7.9287699178589746
    4.900000      -7.9285121914149421      -7.9284411233675831      -7.9286440363034707      -7.9284280151066682      -7.9288401967231472      -7.9285333828267923      -7.9285333828274016      -7.9285969560861025      -7.9285969560860927
    5.000000      -7.9283719728195656      -7.9283176818150434      -7.9284842710107428      -7.9283190094398144      -7.9286575918430557      -7.9283932504549144      -7.9283932504547101      -7.9284570819306905      -7.9284570819286539
    5.100000      -7.9282585573888653      -7.9282179974551141      -7.9283548018391592      -7.9282311017993079      -7.9285092913227446      -7.9282799045895640      -7.9282799045884502      -7.9283439444008792      -7.9283439443969872
    5.200000      -7.9281668060074866      -7.9281374846573964      -7.9282498684310916      -7.9281601981207022      -7.9283888411909400      -7.9281882095848264      -7.9281882095829479      -7.9282524182152656      -7.9282524182156724
    5.300000      -7.9280925738525010      -7.9280724537034963      -7.9281648107163543      -7.9281030101851391      -7.9282909996291311      -7.9281140233534755      -7.9281140233509042      -7.9281783694966288      -7.9281783694972505
    5.400000      -7.9280325177185302      -7.9280199340136503      -7.9280958608034817      -7.9280568944626406      -7.9282115150696564      -7.9280540048490966      -7.9280540048473176      -7.9281184636803328      -7.9281184636778352
    5.500000      -7.9279839396139975      -7.9279775319282626      -7.9280399720685999      -7.9280197232786893      -7.9281469411365597      -7.9280054577911727      -7.9280054577890766      -7.9280700095885113      -7.9280700095858325
    5.600000      -7.9279446605571859      -7.9279433166170774      -7.9279946800246703      -7.9279897819710792      -7.9280944842398640      -7.9279662045337842      -7.9279662045313808      -7.9280308335910004      -7.9280308335930938
    5.700000      -7.9279129190424520      -7.9279157288042938      -7.9279579897150407      -7.9279656869280259      -7.9280518791465440      -7.9279344846296773      -7.9279344846270172      -7.9279991783972532      -7.9279991783997517
    5.800000      -7.9278872895800117      -7.9278935077700652      -7.9279282848808208      -7.9279463202194718      -7.9280172879529722      -7.9279088734159595      -7.9279088734130436      -7.9279736218264425      -7.9279736218293078
    5.900000      -7.9278666173196903      -7.9278756329628939      -7.9279042548018657      -7.9279307774337502      -7.9279892182947007      -7.9278882166946634      -7.9278882166915343      -7.9279530116337824      -7.9279530116369852
    6.000000      -7.9278499656119221      -7.9278612772592503      -7.9278848354358944      -7.9279183259996966      -7.9279664572862796      -7.9278715783301452      -7.9278715783268208      -7.9279364132227066      -7.9279364132262033
