# molecule         = LiH
# geometry         = Li 0 0 0; H 0 0 {R:.6f}
# basis            = sadlej
# basis_source     = sadlej.gbs
# lambda           = 0.000000
# omega            = 0.120800
# mode_dir         = [0.0, 0.0, 1.0]
# scheme           = axial
# offdiag          = none
# method           = QED-FCI
# nboson_max       = 20
# n_fock_states    = 21
# ff_step_h        = 0.0005
# n_field_points   = 9
# fci_tol          = 1e-11
# fci_max_cycle    = 300
# scf_conv_tol     = 1e-12
# center_geometry  = True
# frozen_core_orbitals = 1
# coherent_state   = True
# z_selfconsistent_iter = 4
# R_range_Ang      = 0.8:0.1:6.0
# R_e_ref_Ang      = 1.5957
# pyscf            = 2.11.0
# python           = 3.13.12
# host             = fedora
# date             = 2026-08-14 13:47:22
# columns          = R,fci[0],fci[+z],fci[-z],fci[+2z],fci[-2z],fci[+x],fci[-x],fci[+2x],fci[-2x]
    0.800000      -7.7759838264337180      -7.7750372156554164      -7.7769337844935116      -7.7740939663805735      -7.7778870784806706      -7.7759872442281761      -7.7759872442274602      -7.7759974993107930      -7.7759974993102308
    0.900000      -7.8615845568258926      -7.8606317712053242      -7.8625406617811553      -7.8596823194527161      -7.8635000740106040      -7.8615877267849896      -7.8615877267852632      -7.8615972380915462      -7.8615972380912140
    1.000000      -7.9203890822642986      -7.9194211943419086      -7.9213604388709573      -7.9184567932540304      -7.9223352484819216      -7.9203921552441514      -7.9203921552443033      -7.9204013755007612      -7.9204013755005409
    1.100000      -7.9602228593251620      -7.9592329312994066      -7.9612165302818978      -7.9582467699308879      -7.9622139231356650      -7.9602259272577029      -7.9602259272578033      -7.9602351323544616      -7.9602351323542742
    1.200000      -7.9865749466007241      -7.9855575851090004      -7.9875964317765291      -7.9845443785776826      -7.9886220124702234      -7.9865780714596095      -7.9865780714596610      -7.9865874473818463      -7.9865874473816554
    1.300000      -8.0033240906076504      -8.0022750326182077      -8.0043777546610677      -8.0012306220429519      -8.0054359871843932      -8.0033273193478429      -8.0033273193478767      -8.0033370070101046      -8.0033370070098808
    1.400000      -8.0132312668072831      -8.0121471515772029      -8.0143205725125934      -8.0110682815909371      -8.0154150186291968      -8.0132346385657058      -8.0132346385657343      -8.0132447554226172      -8.0132447554223560
    1.500000      -8.0182772827774080      -8.0171555688724077      -8.0194048777706026      -8.0160398086131064      -8.0205382873486464      -8.0182808310863667      -8.0182808310864111      -8.0182914777773604      -8.0182914777770335
    1.600000      -8.0198891432765382      -8.0187280528778242      -8.0210569213496665      -8.0175737461926477      -8.0222312989875455      -8.0198928966435226      -8.0198928966436611      -8.0199041587354358      -8.0199041587350024
    1.700000      -8.0190945299747582      -8.0178929807660833      -8.0203037062600746      -8.0166991855819383      -8.0215203931719028      -8.0190985131861261      -8.0190985131860906      -8.0191104650826688      -8.0191104650820861
    1.800000      -8.0166334990786776      -8.0153910639193331      -8.0178846577824618      -8.0141575198671511      -8.0191443864651539      -8.0166377351036751      -8.0166377351036449      -8.0166504457703507      -8.0166504457695318
    1.900000      -8.0130404437357807      -8.0117573563677915      -8.0143335400598819      -8.0104844988231285      -8.0156364432232508      -8.0130449554468282      -8.0130449554468228      -8.0130584935640687      -8.0130584935652465
    2.000000      -8.0087028339887212      -8.0073800298516513      -8.0100371617337629      -8.0060690400876737      -8.0113827475141104      -8.0087076454245096      -8.0087076454245789      -8.0087220831818549      -8.0087220831835157
    2.100000      -8.0039026195941645      -8.0025418011262452      -8.0052767557320017      -8.0011946826468918      -8.0066638611207175      -8.0039077568606540      -8.0039077568608619      -8.0039231726661271      -8.0039231726659530
    2.200000      -7.9988454563683105      -7.9974491788624178      -8.0002571870058468      -7.9960688564464526      -8.0016839143980043      -7.9988509483290704      -7.9988509483283377      -7.9988674288656698      -7.9988674288653776
    2.300000      -7.9936815859161454      -7.9922533624244219      -7.9951278152954552      -7.9908438024402431      -7.9965914540365191      -7.9936874647658653      -7.9936874647647977      -7.9937051067350060      -7.9937051067354599
    2.400000      -7.9885209571719571      -7.9870653803943803      -7.9899976014194154      -7.9856317296912449      -7.9914945358499043      -7.9885272589589658      -7.9885272589573502      -7.9885461706358187      -7.9885461706366261
    2.500000      -7.9834442860708545      -7.9819671632145281      -7.9849461544733646      -7.9805159008390545      -7.9864717604331101      -7.9834510511621302      -7.9834510511596637      -7.9834713537946502      -7.9834713537945223
    2.600000      -7.9785111793656993      -7.9770196723237596      -7.9800318482627137      -7.9755587628471076      -7.9815803813004793      -7.9785184528165685      -7.9785184528167408      -7.9785402817316831      -7.9785402817314566
    2.700000      -7.9737660945007951      -7.9722688510821111      -7.9752977834419889      -7.9708078790543064      -7.9768622649815528      -7.9737739262448635      -7.9737739262437675      -7.9737974314012341      -7.9737974314008504
    2.800000      -7.9692426770220539      -7.9677499283326982      -7.9707761446162939      -7.9663001792056347      -7.9723482579181661      -7.9692511217200881      -7.9692511217184556      -7.9692764672644376      -7.9692764672650194
    2.900000      -7.9649668540331060      -7.9634904384689147      -7.9664913423140744      -7.9620648730567849      -7.9680613586466382      -7.9649759703939838      -7.9649759703939802      -7.9650033325917793      -7.9650033325927261
    3.000000      -7.9609589401493333      -7.9595121979701737      -7.9624622102479616      -7.9581252494528814      -7.9640189769955141      -7.9609687894484349      -7.9609687894484207      -7.9609983522242560      -7.9609983522241379
    3.100000      -7.9572349224782259      -7.9558323928204659      -7.9587034375647825      -7.9544995076974097      -7.9602344722209653      -7.9572455660174821      -7.9572455660174937      -7.9572775132873970      -7.9572775132872051
    3.200000      -7.9538070359420194      -7.9524638918056967      -7.9552263523268092      -7.9512007556519562      -7.9567180951421319      -7.9538185312554610      -7.9538185312541501      -7.9538530355140740      -7.9538530355137578
    3.300000      -7.9506837286991923      -7.9494149200565198      -7.9520391413340681      -7.9482363725040859      -7.9534774169431151      -7.9506961245591796      -7.9506961245573660      -7.9507333318843756      -7.9507333318838755
    3.400000      -7.9478691573017421      -7.9466883077903088      -7.9491465999816819      -7.9456070605811524      -7.9505173145530241      -7.9478824880046428      -7.9478824880046970      -7.9479225008818144      -7.9479225008825063
    3.500000      -7.9453624347350065      -7.9442806427955652      -7.9465495560411235      -7.9433060368357200      -7.9478396040137405      -7.9453767146109398      -7.9453767146110561      -7.9454195754911821      -7.9454195754921351
    3.600000      -7.9431569429603357      -7.9421817308829574      -7.9442441867253404      -7.9413188340558296      -7.9454424650293918      -7.9431721624376905      -7.9431721624379188      -7.9432178419850148      -7.9432178419859545
    3.700000      -7.9412400492970487      -7.9403747217076299      -7.9422215080008733      -7.9396240143986612      -7.9433198614275460      -7.9412561737538088      -7.9412561737541871      -7.9413045674786265      -7.9413045674784328
    3.800000      -7.9395934751929538      -7.9388370556879524      -7.9404673044247644      -7.9381947772144503      -7.9414611948876592      -7.9396104471756042      -7.9396104471761619      -7.9396613821807858      -7.9396613821805406
    3.900000      -7.9381943619893640      -7.9375421037774583      -7.9389626555242341      -7.9370011258965363      -7.9398513930402901      -7.9382121063960271      -7.9382121063967626      -7.9382653569842416      -7.9382653569839601
    4.000000      -7.9370168472470786      -7.9364611479752627      -7.9376850291149363      -7.9360121102166961      -7.9384715172319344      -7.9370352782049149      -7.9370352782057934      -7.9370905865390391      -7.9370905865387247
    4.100000      -7.9360338203405831      -7.9355652923347550      -7.9366097353769653      -7.9351977271153880      -7.9372998178362408      -7.9360528482305153      -7.9360528482285932      -7.9361099453947563      -7.9361099453944233
    4.200000      -7.9352185249892484      -7.9348269968418572      -7.9357114500225912      -7.9345302581557622      -7.9363130361135248      -7.9352380623631600      -7.9352380623621004      -7.9352966860901830      -7.9352966860898508
    4.300000      -7.9345457882174841      -7.9342211005208352      -7.9349655451012877      -7.9339850207173681      -7.9354877064981375      -7.9345657539852734      -7.9345657539849661      -7.9346256611599593      -7.9346256611622143
    4.400000      -7.9339928010981540      -7.9337253522801703      -7.9343490719901304      -7.9335406365071446      -7.9348012568349215      -7.9340131229137985      -7.9340131229139113      -7.9340740967273815      -7.9340740967291508
    4.500000      -7.9335394904251526      -7.9333205538124627      -7.9338413589468129      -7.9331789655000451      -7.9342327972286162      -7.9335601056344931      -7.9335601056349887      -7.9336219583072625      -7.9336219583056957
    4.600000      -7.9331685789935200      -7.9329904425662932      -7.9334242707970644      -7.9328848438310002      -7.9337635820873000      -7.9331894344924301      -7.9331894344931682      -7.9332520069148824      -7.9332520069159873
    4.700000      -7.9328654419467863      -7.9327214270861042      -7.9330822170246345      -7.9326457301428768      -7.9333771928304069      -7.9328864934609902      -7.9328864934619130      -7.9329496529930594      -7.9329496529940835
    4.800000      -7.9326178509860554      -7.9325022579328399      -7.9328019984595572      -7.9324513293598784      -7.9330595159816042      -7.9326390620317531      -7.9326390620353138      -7.9327026993971099      -7.9327026993978125
    4.900000      -7.9324156725886974      -7.9323236877507215      -7.9325725670973544      -7.9322932335595668      -7.9327985913924648      -7.9324370133679567      -7.9324370133715902      -7.9325010392932827      -7.9325010392935340
    5.000000      -7.9322505625783890      -7.9321781509890013      -7.9323847524110480      -7.9321645994665726      -7.9325843916238741      -7.9322720088888907      -7.9322720088927987      -7.9323363508768008      -7.9323363508767768
    5.100000      -7.9321156808265405      -7.9320594778853284      -7.9322309880156139      -7.9320598695092945      -7.9324085759379450      -7.9321372130858787      -7.9321372130897911      -7.9322018124906881      -7.9322018124904456
    5.200000      -7.9320054372865823      -7.9319626475096179      -7.9321050576554359      -7.9319745363043914      -7.9322642464941922      -7.9320270396942352      -7.9320270396980952      -7.9320918491913268      -7.9320918491910186
    5.300000      -7.9319152728400883      -7.9318835792158398      -7.9320018694034999      -7.9319049469519785      -7.9321457222819411      -7.9319369326622819      -7.9319369326661473      -7.9320019141107094      -7.9320019141104030
    5.400000      -7.9318414739270162      -7.9318189589980443      -7.9319172605730275      -7.9318481420049807      -7.9320483379768838      -7.9318631809039832      -7.9318631809078184      -7.9319283035743684      -7.9319283035740282
    5.500000      -7.9317810179719199      -7.9317660963923808      -7.9318478324598409      -7.9318017239494161      -7.9319682698705476      -7.9318027638378856      -7.9318027638380837      -7.9318680029583799      -7.9318680029580193
    5.600000      -7.9317314456376122      -7.9317228072500567      -7.9317908121545653      -7.9317637501754517      -7.9319023879865984      -7.9317532237165160      -7.9317532237165898      -7.9318185593059480      -7.9318185593055768
    5.700000      -7.9316907559479430      -7.9316873181551175      -7.9317439380610715      -7.9317326461680118      -7.9318481320824370      -7.9317125608472869      -7.9317125608472585      -7.9317779767545975      -7.9317779767542298
    5.800000      -7.9316573205622669      -7.9316581887011672      -7.9317053656716832      -7.9317071351932489      -7.9318034086290199      -7.9316791479140321      -7.9316791479138695      -7.9317446310583435      -7.9317446310579358
    5.900000      -7.9316298138626538      -7.9316342483762696      -7.9316735902954640      -7.9316861813901571      -7.9317665057191116      -7.9316516601171436      -7.9316516601205613      -7.9317171998823959      -7.9317171998800999
    6.000000      -7.9316071561119870      -7.9316145454127840      -7.9316473839595192      -7.9316689437627064      -7.9317360231762013      -7.9316290183836369      -7.9316290183868734      -7.9316946061127176      -7.9316946061103275
