# molecule         = LiH
# geometry         = Li 0 0 0; H 0 0 {R:.6f}
# basis            = sadlej
# basis_source     = sadlej.gbs
# lambda           = 0.025000
# omega            = 0.120800
# mode_dir         = [1.0, 0.0, 0.0]
# scheme           = general
# offdiag          = none
# method           = QED-FCI
# nboson_max       = 20
# n_fock_states    = 21
# ff_step_h        = 0.0005
# n_field_points   = 13
# fci_tol          = 1e-11
# fci_max_cycle    = 300
# scf_conv_tol     = 1e-12
# center_geometry  = True
# frozen_core_orbitals = 1
# coherent_state   = True
# z_selfconsistent_iter = 4
# R_range_Ang      = 0.8:0.1:6.0
# R_e_ref_Ang      = 1.5957
# pyscf            = 2.11.0
# python           = 3.13.12
# host             = fedora
# date             = 2026-08-16 13:12:05
# columns          = R,fci[0],fci[+x],fci[-x],fci[+2x],fci[-2x],fci[+y],fci[-y],fci[+2y],fci[-2y],fci[+z],fci[-z],fci[+2z],fci[-2z]
    0.800000      -7.7753278680567952      -7.7753312649358923      -7.7753312649365363      -7.7753414572295663      -7.7753414572293842      -7.7753312741362866      -7.7753312741365850      -7.7753414940426184      -7.7753414940418129      -7.7743814913267055      -7.7762775707328924      -7.7734384546258841      -7.7772305880778472
    0.900000      -7.8609379530811667      -7.8609411040663497      -7.8609411040668125      -7.8609505584074286      -7.8609505584080459      -7.8609411126350270      -7.8609411126346149      -7.8609505926945227      -7.8609505926940590      -7.8599853434315641      -7.8618938631391098      -7.8590360486100828      -7.8628530616079431
    1.000000      -7.9197439079448513      -7.9197469626582579      -7.9197469626586194      -7.9197561280749600      -7.9197561280753925      -7.9197469710527368      -7.9197469710525166      -7.9197561616654912      -7.9197561616652070      -7.9187761299157238      -7.9207151365062725      -7.9178118204410746      -7.9216898000017766
    1.100000      -7.9595740486094630      -7.9595770981725158      -7.9595770981728347      -7.9595862481209672      -7.9595862481205781      -7.9595771067013779      -7.9595771067011905      -7.9595862822494645      -7.9595862822492354      -7.9585841619022686      -7.9605676598192332      -7.9575980232638859      -7.9615649746133030
    1.200000      -7.9859192196216231      -7.9859223254003009      -7.9859223254006002      -7.9859316440411305      -7.9859316440407353      -7.9859223342839165      -7.9859223342837087      -7.9859316795891893      -7.9859316795889530      -7.9849018288559996      -7.9869407145507250      -7.9838885733190494      -7.9879662856424289
    1.300000      -8.0026590942005136      -8.0026623026506822      -8.0026623026509718      -8.0026719294004192      -8.0026719294000053      -8.0026623120513438      -8.0026623120510614      -8.0026719670171573      -8.0026719670168873      -8.0016099336237847      -8.0037128395827786      -8.0005653989164696      -8.0047711324131559
    1.400000      -8.0125550640324033      -8.0125584138957837      -8.0125584138960946      -8.0125684650226123      -8.0125684650221380      -8.0125584239291232      -8.0125584239288798      -8.0125685051709397      -8.0125685051706466      -8.0114707696599012      -8.0136445253904967      -8.0103916966531745      -8.0147391040015421
    1.500000      -8.0175883277051874      -8.0175918522344531      -8.0175918522348351      -8.0176024275378435      -8.0176024275383391      -8.0175918629826022      -8.0175918629822700      -8.0176024705460200      -8.0176024705456683      -8.0164663556989773      -8.0187161546622292      -8.0153503106839725      -8.0198497705166432
    1.600000      -8.0191864491910110      -8.0191901766917759      -8.0191901766921916      -8.0192013611313175      -8.0192013611319837      -8.0191901882292971      -8.0191901882288743      -8.0192014072979347      -8.0192014072974356      -8.0180250207751111      -8.0203545360628805      -8.0168703461758142      -8.0215291938735973
    1.700000      -8.0183776757123155      -8.0183816307875588      -8.0183816307880544      -8.0183934982193641      -8.0183934982202683      -8.0183816432023729      -8.0183816432026909      -8.0183935478964496      -8.0183935478957835      -8.0171757079779926      -8.0195872377093913      -8.0159814605804733      -8.0208042782880558
    1.800000      -8.0159024795495153      -8.0159066849734533      -8.0159066849740448      -8.0159193037748580      -8.0159193037746430      -8.0159066983706939      -8.0159066983711114      -8.0159193573815593      -8.0159193573824865      -8.0146595438203310      -8.0171541018018804      -8.0134254610572153      -8.0184142580003410
    1.900000      -8.0122955038344141      -8.0122999822603305      -8.0122999822610836      -8.0123134204548005      -8.0123134204545075      -8.0122999967585020      -8.0122999967590598      -8.0123134784660621      -8.0123134784673553      -8.0110118308164964      -8.0135891438676694      -8.0097383442536731      -8.0148925500655945
    2.000000      -8.0079443467609437      -8.0079491219894994      -8.0079491219887515      -8.0079634510427908      -8.0079634510423503      -8.0079491377155172      -8.0079491377163343      -8.0079635139729817      -8.0079635139748273      -8.0066208674265376      -8.0092793020461670      -8.0053091529939664      -8.0106254693170946
    2.100000      -8.0031310087674434      -8.0031361066441846      -8.0031361066431188      -8.0031514041818621      -8.0031514041811853      -8.0031361237385177      -8.0031361237381073      -8.0031514725843937      -8.0031514725841451      -8.0017694199783378      -8.0045058609786750      -8.0004214746382569      -8.0058936302198056
    2.200000      -7.9980611502699581      -7.9980665993807580      -7.9980665993809428      -7.9980829512578158      -7.9980829512585929      -7.9980666179890667      -7.9980666179884778      -7.9980830257172784      -7.9980830257168645      -7.9966640010323191      -7.9994736908677577      -7.9952827422444148      -8.0009011689840914
    2.300000      -7.9928849926820522      -7.9928908249342667      -7.9928908249344959      -7.9929083269849936      -7.9929083269861296      -7.9928908452119947      -7.9928908452111100      -7.9929084081225765      -7.9929084081231467      -7.9914557895017007      -7.9943321315021496      -7.9900451760365367      -7.9957966125660516
    2.400000      -7.9877124548430150      -7.9877187059905017      -7.9877187059907850      -7.9877374656104738      -7.9877374656100866      -7.9877187281006190      -7.9877187280992334      -7.9877375540743953      -7.9877375540754221      -7.9862557841790656      -7.9891901133441756      -7.9848209556580647      -7.9906879862010562
    2.500000      -7.9826242232399549      -7.9826309333618406      -7.9826309333621888      -7.9826510709292080      -7.9826510709285268      -7.9826309574717120      -7.9826309574693584      -7.9826511673900642      -7.9826511673898981      -7.9811458871511638      -7.9841272151190257      -7.9796933166900601      -7.9856538593212028
    2.600000      -7.9776798832442548      -7.9776870971270624      -7.9776870971273981      -7.9777087471589390      -7.9777087471577195      -7.9776871234029452      -7.9776871234036033      -7.9777088522791662      -7.9777088522788659      -7.9761870406842688      -7.9792017873924319      -7.9747246895688315      -7.9807514606261911
    2.700000      -7.9729238841688961      -7.9729316515140116      -7.9729316515123410      -7.9729549632723051      -7.9729549632735770      -7.9729316801133994      -7.9729316801123664      -7.9729550776779190      -7.9729550776774234      -7.9714251837825429      -7.9744569195264239      -7.9699626378112045      -7.9760226426950398
    2.800000      -7.9683898803697186      -7.9683982556682666      -7.9683982556680633      -7.9684233927958354      -7.9684233927953745      -7.9683982867276040      -7.9683982867261349      -7.9684235170252373      -7.9684235170259878      -7.9668955599446072      -7.9699248000457503      -7.9654441128252600      -7.9714982517862101
    2.900000      -7.9641038273720746      -7.9641128692571783      -7.9641128692568106      -7.9641400077930964      -7.9641400077923912      -7.9641129028761659      -7.9641129028768178      -7.9641401422407938      -7.9641401422406846      -7.9626257403321246      -7.9656298608749658      -7.9611983710405845      -7.9672013019171803
    3.000000      -7.9600860894874259      -7.9600958592872173      -7.9600958592865831      -7.9601251833142221      -7.9601251833151707      -7.9600958955086680      -7.9600958955097472      -7.9601253281434721      -7.9601253281433042      -7.9586376020768093      -7.9615909760566730      -7.9572487746978195      -7.9631492352695021
    3.100000      -7.9563527249452246      -7.9563632841741567      -7.9563632841730847      -7.9563949782516588      -7.9563949782530825      -7.9563633229623196      -7.9563633229640098      -7.9563951333106298      -7.9563951333103748      -7.9549484152745675      -7.9578228944147273      -7.9536136217626829      -7.9593554607998147
    3.200000      -7.9529160588119661      -7.9529274653984903      -7.9529274653968951      -7.9529617032187536      -7.9529617032184134      -7.9529275066210907      -7.9529275066201945      -7.9529618679519603      -7.9529618679515499      -7.9515711522355055      -7.9543370217071292      -7.9503061375791804      -7.9558302956955655
    3.300000      -7.9497846421704139      -7.9497969454686768      -7.9497969454696795      -7.9498338748585384      -7.9498338748580384      -7.9497969888720617      -7.9497969888732136      -7.9498340482507706      -7.9498340482513585      -7.9485141518728302      -7.9511416363452616      -7.9473338247247218      -7.9525813915749008
    3.400000      -7.9469627362950090      -7.9469759713423267      -7.9469759713414305      -7.9470156970083501      -7.9470156970076493      -7.9469760165539007      -7.9469760165554408      -7.9470158775657822      -7.9470158775666517      -7.9457803537274057      -7.9482416313821558      -7.9446974959331715      -7.9496137144379535
    3.500000      -7.9444495454834110      -7.9444637274429484      -7.9444637274417405      -7.9445062943474358      -7.9445062943481961      -7.9444637739878567      -7.9444637739900257      -7.9445064801578162      -7.9445064801576759      -7.9433664319529935      -7.9456379264132782      -7.9423904443256186      -7.9469291691790893
    3.600000      -7.9422385128639075      -7.9422536330100248      -7.9422536330086020      -7.9422990143581904      -7.9422990143584800      -7.9422536803430059      -7.9422536803427759      -7.9422992032201325      -7.9422992032215456      -7.9412622379562468      -7.9433267700567560      -7.9403982274174263      -7.9445260122055430
    3.700000      -7.9403170231663482      -7.9403330476455904      -7.9403330476442191      -7.9403811412552106      -7.9403811412563803      -7.9403330951925968      -7.9403330951923667      -7.9403813308863755      -7.9403813308861357      -7.9394509149726851      -7.9412992151629807      -7.9386993738558065      -7.9423982587414210
    3.800000      -7.9386667657197210      -7.9386836377084524      -7.9386836377073680      -7.9387342725658732      -7.9387342725671930      -7.9386836849282876      -7.9386836849280407      -7.9387344608031398      -7.9387344608028370      -7.9379098445492442      -7.9395410392874615      -7.9372669974081580      -7.9405353254309547
    3.900000      -7.9372648045425445      -7.9372824493929297      -7.9372824493918372      -7.9373354011663979      -7.9373354011677764      -7.9372824958211385      -7.9372824958208783      -7.9373355861598673      -7.9373355861594845      -7.9366122967450785      -7.9380332698307470      -7.9360709800657592      -7.9389221128953027
    4.000000      -7.9360851673940056      -7.9361034995247870      -7.9361034995241448      -7.9361585112469619      -7.9361585112483040      -7.9361035448033359      -7.9361035448031734      -7.9361586915744358      -7.9361586915740467      -7.9355294277663653      -7.9367532848381046      -7.9350802343870566      -7.9375396156616613
    4.100000      -7.9351006179906403      -7.9351195479375320      -7.9351195479376013      -7.9351763511583044      -7.9351763511596083      -7.9351195918246598      -7.9351195918244715      -7.9351765258618610      -7.9351765258613902      -7.9346322089534871      -7.9356762806641692      -7.9342646219300610      -7.9363659867875516
    4.200000      -7.9342842740766022      -7.9343037144524464      -7.9343037144534003      -7.9343620470808540      -7.9343620470820069      -7.9343037568144146      -7.9343037568143862      -7.9343622156361207      -7.9343622156356846      -7.9338929749392184      -7.9347768104682075      -7.9335963026361025      -7.9353778531796690
    4.300000      -7.9336108476793079      -7.9336307173938403      -7.9336307173966496      -7.9336903363096649      -7.9336903363116633      -7.9336307581890493      -7.9336307581884249      -7.9336904985529548      -7.9336904985555270      -7.9332864554644740      -7.9340301281413828      -7.9330504918690581      -7.9345516315976123
    4.400000      -7.9330574320449774      -7.9330776587190428      -7.9330776587189700      -7.9331383469987991      -7.9331383470002610      -7.9330776979642641      -7.9330776979622559      -7.9331385030348578      -7.9331385030375055      -7.9327903097537407      -7.9334131800868777      -7.9326057300875936      -7.9338646398154102
    4.500000      -7.9326038751618011      -7.9326243960856919      -7.9326243960858305      -7.9326859657969653      -7.9326859657983313      -7.9326244338575833      -7.9326244338571703      -7.9326861159203013      -7.9326861159180684      -7.9323852693087638      -7.9329052070504043      -7.9322438151309473      -7.9332958922682497
    4.600000      -7.9322328390967449      -7.9322536011101468      -7.9322536011109417      -7.9323158929719426      -7.9323158929739277      -7.9322536375105601      -7.9322536375088344      -7.9323160375875599      -7.9323160375899464      -7.9320550186793586      -7.9324880045074444      -7.9319495371536624      -7.9328265649403011
    4.700000      -7.9319296539174564      -7.9319506126861636      -7.9319506126864736      -7.9320134938818692      -7.9320134938830762      -7.9319506478269863      -7.9319506478266248      -7.9320136334504561      -7.9320136334513958      -7.9317859278479261      -7.9321459292766789      -7.9317103217646716      -7.9324401780059777
    4.800000      -7.9316820589502264      -7.9317031779407881      -7.9317031779409479      -7.9317665390283061      -7.9317665390295771      -7.9317032119418789      -7.9317032119398636      -7.9317666740304258      -7.9317666740287196      -7.9315667201118547      -7.9318657436596958      -7.9315158508159112      -7.9321225721203321
    4.900000      -7.9314798982240848      -7.9315011475839992      -7.9315011475841182      -7.9315648991435248      -7.9315648991428418      -7.9315011805638855      -7.9315011805621882      -7.9315650300473477      -7.9315650300509155      -7.9313881294616957      -7.9316363724707140      -7.9313577007773048      -7.9318617540961300
    5.000000      -7.9313148125763426      -7.9313361680555605      -7.9313361680554975      -7.9314002374478170      -7.9314002374469137      -7.9313362001227752      -7.9313362001222298      -7.9314003647036335      -7.9314003647069535      -7.9312425780585896      -7.9314486267332107      -7.9312290182087999      -7.9316476736228640
    5.100000      -7.9311799523424238      -7.9312013943189648      -7.9312013943188315      -7.9312657227716628      -7.9312657227706174      -7.9312014255801460      -7.9312014255780330      -7.9312658467984738      -7.9312658467979986      -7.9311238884610713      -7.9312949281145606      -7.9311242392672678      -7.9314719748360449
    5.200000      -7.9310697218642696      -7.9310912344990170      -7.9310912344988740      -7.9311557745701835      -7.9311557745690431      -7.9310912650470451      -7.9310912650449117      -7.9311558957422701      -7.9311558957417763      -7.9310270353042585      -7.9311690531411330      -7.9310388530287357      -7.9313277504990012
    5.300000      -7.9309795591296774      -7.9310011296521310      -7.9310011296521248      -7.9310658430928092      -7.9310658430917265      -7.9310011595731833      -7.9310011595709895      -7.9310659617521901      -7.9310659617518020      -7.9309479357588835      -7.9310659059996675      -7.9309692049106060      -7.9312093143103599
    5.400000      -7.9309057495392832      -7.9309273676563228      -7.9309273676566017      -7.9309922236357648      -7.9309922236348713      -7.9309273970241252      -7.9309273970212981      -7.9309923400830566      -7.9309923400850408      -7.9308832751352245      -7.9309813224096217      -7.9309123350132378      -7.9311119985220495
    5.500000      -7.9308452706711332      -7.9308669280811381      -7.9308669280813069      -7.9309319017377309      -7.9309319017366686      -7.9308669569645360      -7.9308669569642616      -7.9309320162510444      -7.9309320162506678      -7.9308303632477308      -7.9309119035906264      -7.9308658461450436      -7.9310319789333175
    5.600000      -7.9307956641163475      -7.9308173541177140      -7.9308173541179343      -7.9308824253779520      -7.9308824253768631      -7.9308173825767216      -7.9308173825745634      -7.9308825381901134      -7.9308825381917050      -7.9307870168228689      -7.9308548775370324      -7.9308277964862031      -7.9309661263452274
    5.700000      -7.9307549302361871      -7.9307766474093198      -7.9307766474084751      -7.9308418000385021      -7.9308418000373102      -7.9307766754955802      -7.9307766754935702      -7.9308419113638911      -7.9308419113652331      -7.9307514636312622      -7.9308079841200021      -7.9307966125466525      -7.9309118820514186
    5.800000      -7.9307214422468064      -7.9307431821970402      -7.9307431821960375      -7.9308084030369770      -7.9308084030356021      -7.9307432099579502      -7.9307432099546897      -7.9308085130598664      -7.9308085130620638      -7.9307222646106625      -7.9307693806041248      -7.9307710187133749      -7.9308671544912901
    5.900000      -7.9306938761528425      -7.9307156353089923      -7.9307156353082950      -7.9307809136640639      -7.9307809136628622      -7.9307156627852855      -7.9307156627846167      -7.9307810225493549      -7.9307810225463573      -7.9306982506057846      -7.9307375641910598      -7.9307499802473114      -7.9308302339242882
    6.000000      -7.9306711537987891      -7.9306929292479458      -7.9306929292468400      -7.9307582563953360      -7.9307582563938244      -7.9306929564746333      -7.9306929564735684      -7.9307583642800035      -7.9307583642823003      -7.9306784711536533      -7.9307113087842485      -7.9307326572069172      -7.9307997223659443
