# molecule         = LiH
# geometry         = Li 0 0 0; H 0 0 {R:.6f}
# basis            = sadlej
# basis_source     = sadlej.gbs
# lambda           = 0.010000
# omega            = 0.120800
# mode_dir         = [0.0, 0.0, 1.0]
# scheme           = axial
# offdiag          = none
# method           = QED-FCI
# nboson_max       = 20
# n_fock_states    = 21
# ff_step_h        = 0.0005
# n_field_points   = 9
# fci_tol          = 1e-11
# fci_max_cycle    = 300
# scf_conv_tol     = 1e-12
# center_geometry  = True
# frozen_core_orbitals = 1
# coherent_state   = True
# z_selfconsistent_iter = 4
# R_range_Ang      = 0.8:0.1:6.0
# R_e_ref_Ang      = 1.5957
# pyscf            = 2.11.0
# python           = 3.13.12
# host             = fedora
# date             = 2026-08-14 14:03:15
# columns          = R,fci[0],fci[+z],fci[-z],fci[+2z],fci[-2z],fci[+x],fci[-x],fci[+2x],fci[-2x]
    0.800000      -7.7758979686147516      -7.7749514680803316      -7.7768478112900494      -7.7740083237762470      -7.7778009848608853      -7.7759013841783959      -7.7759013841776277      -7.7759116325608062      -7.7759116325602013
    0.900000      -7.8614981362330312      -7.8605454400924515      -7.8624541468815821      -7.8595960728619545      -7.8634134600908370      -7.8615013041862936      -7.8615013041867083      -7.8615108094704276      -7.8615108094700741
    1.000000      -7.9203006120659021      -7.9193327954827772      -7.9212718924725269      -7.9183684607261631      -7.9222466211519453      -7.9203036831126212      -7.9203036831128824      -7.9203128975654016      -7.9203128975651600
    1.100000      -7.9601311251977256      -7.9591412527755807      -7.9611247354865862      -7.9581551417765573      -7.9621220627600167      -7.9601341911766559      -7.9601341911768486      -7.9601433904086267      -7.9601433904084340
    1.200000      -7.9864789447176907      -7.9854616230114370      -7.9875003847168671      -7.9844484506775650      -7.9885259150198351      -7.9864820675414316      -7.9864820675415693      -7.9864914373541342      -7.9864914373539211
    1.300000      -8.0032231727719996      -8.0021741351747284      -8.0042768105059636      -8.0011297388339635      -8.0053350109910557      -8.0032263993574375      -8.0032263993575476      -8.0032360805512894      -8.0032360805510461
    1.400000      -8.0131253350147702      -8.0120412156800427      -8.0142146380161989      -8.0109623345014960      -8.0153090748743594      -8.0131287044749495      -8.0131287044750579      -8.0131388144329208      -8.0131388144326312
    1.500000      -8.0181666672911867      -8.0170449207889138      -8.0192942867928636      -8.0159291194920534      -8.0204277131114345      -8.0181702131379033      -8.0181702131380703      -8.0181808524378422      -8.0181808524374869
    1.600000      -8.0197742370840022      -8.0186130826767066      -8.0209420694252582      -8.0174587017885308      -8.0221164920037058      -8.0197779878033302      -8.0197779878026765      -8.0197892419437711      -8.0197892419433074
    1.700000      -8.0189755720389879      -8.0177739242867414      -8.0201848351348453      -8.0165800182423972      -8.0214015976567374      -8.0189795523908440      -8.0189795523908138      -8.0189914957026183      -8.0189914957019823
    1.800000      -8.0165105681963933      -8.0152679961021089      -8.0177618497812109      -8.0140343003146395      -8.0190216879722360      -8.0165148011246661      -8.0165148011246714      -8.0165275024940588      -8.0165275024949683
    1.900000      -8.0129135214013587      -8.0116302542484714      -8.0142067808064077      -8.0103571992706257      -8.0155098312071562      -8.0129180297529388      -8.0129180297529814      -8.0129315577833786      -8.0129315577846505
    2.000000      -8.0085718581506189      -8.0072488266077340      -8.0099063936215185      -8.0059375885850930      -8.0112521685187765      -8.0085766659403674      -8.0085766659405024      -8.0085910927527593      -8.0085910927545640
    2.100000      -8.0037675170935465      -8.0024064188018631      -8.0051419101041539      -8.0010589961142689      -8.0065292507203285      -8.0037726504112232      -8.0037726504115430      -8.0037880543612143      -8.0037880543609763
    2.200000      -7.9987061601324072      -7.9973095458730450      -8.0001182010756686      -7.9959288585488073      -8.0015452138859224      -7.9987116478320690      -7.9987116478312643      -7.9987281155738907      -7.9987281155734786
    2.300000      -7.9935380437316770      -7.9921094227854912      -7.9949846405490765      -7.9906994333626438      -7.9964486185182180      -7.9935439180100420      -7.9935439180088812      -7.9935615462512191      -7.9935615462518399
    2.400000      -7.9883731368796891      -7.9869170996258010      -7.9898502082184493      -7.9854829529025828      -7.9913475383605714      -7.9883794338016347      -7.9883794337999072      -7.9883983308708979      -7.9883983308719566
    2.500000      -7.9832921802827723      -7.9818145341453679      -7.9847945358718713      -7.9803627101940853      -7.9863205950063847      -7.9832989402556169      -7.9832989402559109      -7.9833192275202771      -7.9833192275200577
    2.600000      -7.9783548116504903      -7.9768627228338174      -7.9798760248828327      -7.9754011921758963      -7.9814250667415720      -7.9783620798010340      -7.9783620798001431      -7.9783838927931114      -7.9783838927927144
    2.700000      -7.9736055281699363      -7.9721076549546899      -7.9751378104851316      -7.9706460154188949      -7.9767028503813036      -7.9736133545363606      -7.9736133545350363      -7.9736368435387357      -7.9736368435392890
    2.800000      -7.9690780270239525      -7.9675846196514213      -7.9706121215653480      -7.9661341801099486      -7.9721848304423322      -7.9690864664210181      -7.9690864664190784      -7.9691117960450004      -7.9691117960459117
    2.900000      -7.9647983017905135      -7.9633212290899484      -7.9663234253326882      -7.9618949866500399      -7.9678940537236684      -7.9648074131388702      -7.9648074131390638      -7.9648347602834217      -7.9648347602832787
    3.000000      -7.9607867502751022      -7.9593393963168424      -7.9622906266662961      -7.9579518350463436      -7.9638479905921926      -7.9607965951196507      -7.9607965951199482      -7.9608261445111017      -7.9608261445108832
    3.100000      -7.9570594589916457      -7.9556564205300688      -7.9585285008977431      -7.9543230516511985      -7.9600600742243737      -7.9570700989516379      -7.9570700989504761      -7.9571020354536408      -7.9571020354533015
    3.200000      -7.9536287740185827      -7.9522852928233929      -7.9550484750388737      -7.9510218756270570      -7.9565406419684548      -7.9536402669617035      -7.9536402669600621      -7.9536747640836412      -7.9536747640831100
    3.300000      -7.9505032565708564      -7.9492343555589633      -7.9518588412251168      -7.9480558025366381      -7.9532973603951813      -7.9505156515849693      -7.9505156515851541      -7.9505528563383470      -7.9505528563390726
    3.400000      -7.9476871626919321      -7.9465065312480583      -7.9489644952724063      -7.9454256123053923      -7.9503352029594279      -7.9477004942953338      -7.9477004942956322      -7.9477405098286509      -7.9477405098296874
    3.500000      -7.9451796722806982      -7.9440984537076718      -7.9463663448526543      -7.9431245390603111      -7.9476560714580060      -7.9451939548673156      -7.9451939548677712      -7.9452368238215971      -7.9452368238229480
    3.600000      -7.9429741840497057      -7.9419999128259402      -7.9440606095612960      -7.9411380616565879      -7.9452582058270558      -7.9429894079095353      -7.9429894079102024      -7.9430351005270614      -7.9430351005275313
    3.700000      -7.9410580222102354      -7.9401939772832604      -7.9420382968698302      -7.9394446233106457      -7.9431355902759853      -7.9410741523767507      -7.9410741523760109      -7.9411225631206435      -7.9411225631203433
    3.800000      -7.9394128082148026      -7.9386579535629016      -7.9402851275394788      -7.9380172609457889      -7.9412775977177175      -7.9394297867263317      -7.9394297867255226      -7.9394807411792812      -7.9394807411789294
    3.900000      -7.9380155421790803      -7.9373650490827297      -7.9387820692793687      -7.9368258009593626      -7.9396690776178449      -7.9380332933511903      -7.9380332933503546      -7.9380865640715585      -7.9380865640711562
    4.000000      -7.9368402023393259      -7.9362863790890108      -7.9375064472912724      -7.9358391279295510      -7.9382909736659952      -7.9368586397366592      -7.9368586397358687      -7.9369139671990974      -7.9369139671986613
    4.100000      -7.9358595237065996      -7.9353928991022187      -7.9364334199811628      -7.9350271026995900      -7.9371213964345673      -7.9358785572349300      -7.9358785572342683      -7.9359356711098457      -7.9359356711093803
    4.200000      -7.9350466175443373      -7.9346569511596039      -7.9355375217031288      -7.9343619066737929      -7.9361369447220991      -7.9350661594125800      -7.9350661594096774      -7.9351247964089060      -7.9351247964084441
    4.300000      -7.9343762088831875      -7.9340532903781238      -7.9347940067676337      -7.9338187917894860      -7.9353140242159359      -7.9343961777937597      -7.9343961777941248      -7.9344560941813755      -7.9344560941841422
    4.400000      -7.9338254184078174      -7.9335596130010728      -7.9341798381576973      -7.9333763433208775      -7.9346299579533834      -7.9338457419275441      -7.9338457419284447      -7.9339067206363492      -7.9339067206385154
    4.500000      -7.9333741304539043      -7.9331566933650777      -7.9336742847257771      -7.9330164066494202      -7.9340637789083761      -7.9333947459322474      -7.9333947459337653      -7.9334565991982622      -7.9334565991963055
    4.600000      -7.9330050474639604      -7.9328282602040252      -7.9332591768300160      -7.9327238183727253      -7.9335966907906874      -7.9330259018664107      -7.9330259018683744      -7.9330884707873892      -7.9330884707866129
    4.700000      -7.9327035402427608      -7.9325607259701556      -7.9329189088901924      -7.9324860471148799      -7.9332122466416557      -7.9327245894005278      -7.9327245894027509      -7.9327877416543453      -7.9327877416549732
    4.800000      -7.9324573868094657      -7.9323428529228242      -7.9326402805375960      -7.9322928131428903      -7.9328963217670196      -7.9324785943703588      -7.9324785943727498      -7.9325422210588732      -7.9325422210598227
    4.900000      -7.9322564664246826      -7.9321654096496657      -7.9324122516983664      -7.9321357263496592      -7.9326369569707254      -7.9322778027195913      -7.9322778027220595      -7.9323418149705178      -7.9323418149709060
    5.000000      -7.9320924510741868      -7.9320208483199686      -7.9322256652098941      -7.9320079618383712      -7.9324241337051991      -7.9321138920284717      -7.9321138920308476      -7.9321782177335685      -7.9321782177333322
    5.100000      -7.9319585180475034      -7.9319030170542435      -7.9320729707792399      -7.9319039797941056      -7.9322495247780562      -7.9319800442040087      -7.9319800442062931      -7.9320446250838206      -7.9320446250832646
    5.200000      -7.9318490946318043      -7.9318069120088390      -7.9319479691640877      -7.9318192893106376      -7.9321062481928637      -7.9318706903006095      -7.9318706903027349      -7.9319354793637755      -7.9319354793631573
    5.300000      -7.9317596381141477      -7.9317284682692604      -7.9318455851736394      -7.9317502523474852      -7.9319886394512897      -7.9317812906594050      -7.9317812906613110      -7.9318462500634359      -7.9318462500616196
    5.400000      -7.9316864499613233      -7.9316643859509313      -7.9317616718700421      -7.9316939225876215      -7.9318920493648069      -7.9317081492110013      -7.9317081492128017      -7.9317732484871515      -7.9317732484851531
    5.500000      -7.9316265210647083      -7.9316119870474227      -7.9316928449487012      -7.9316479139532037      -7.9318126693783562      -7.9316482588244916      -7.9316482588261312      -7.9317134734313628      -7.9317134734290518
    5.600000      -7.9315774039457230      -7.9315690982420408      -7.9316363443815963      -7.9316102936750745      -7.9317473833500864      -7.9315991736085145      -7.9315991736100617      -7.9316644837566672      -7.9316644837540720
    5.700000      -7.9315371079507280      -7.9315339554478879      -7.9315899199295243      -7.9315794956365426      -7.9316936434256178      -7.9315589041797931      -7.9315589041812817      -7.9316242938847026      -7.9316242938818604
    5.800000      -7.9315040136423800      -7.9315051262299194      -7.9315517369863393      -7.9315542502239236      -7.9316493670224766      -7.9315258321166704      -7.9315258321180373      -7.9315912884384554      -7.9315912884352890
    5.900000      -7.9314768030263778      -7.9314814468514800      -7.9315202994181941      -7.9315335275807177      -7.9316128517961371      -7.9314986402393206      -7.9314986402406262      -7.9315641526751097      -7.9315641526716973
    6.000000      -7.9314544028573897      -7.9314619712688419      -7.9314943865985326      -7.9315164917547829      -7.9315827058568846      -7.9314762559533030      -7.9314762559545340      -7.9315418159511655      -7.9315418159475355
