# molecule         = H2
# geometry         = H 0 0 0; H 0 0 {R:.6f}
# basis            = sadlej
# basis_source     = sadlej.gbs
# lambda           = 0.000000
# omega            = 0.468700
# mode_dir         = [1.0, 0.0, 0.0]
# scheme           = general
# offdiag          = none
# method           = QED-FCI
# nboson_max       = 8
# n_fock_states    = 9
# ff_step_h        = 0.001
# n_field_points   = 13
# fci_tol          = 1e-11
# fci_max_cycle    = 300
# scf_conv_tol     = 1e-12
# center_geometry  = True
# frozen_core_orbitals = 0
# coherent_state   = True
# z_selfconsistent_iter = 0
# R_range_Ang      = 0.4:0.1:5.0
# R_e_ref_Ang      = 0.7414
# pyscf            = 2.11.0
# python           = 3.13.12
# host             = fedora
# date             = 2026-08-17 21:45:34
# columns          = R,fci[0],fci[+x],fci[-x],fci[+2x],fci[-2x],fci[+y],fci[-y],fci[+2y],fci[-2y],fci[+z],fci[-z],fci[+2z],fci[-2z]
    0.500000      -1.0703463323176330      -1.0703477855325134      -1.0703477855326449      -1.0703521452468505      -1.0703521452468909      -1.0703477855326489      -1.0703477855326458      -1.0703521452468536      -1.0703521452468931      -1.0703483290937650      -1.0703483290935931      -1.0703543196349783      -1.0703543196345222
    0.600000      -1.1331961080745645      -1.1331978459375696      -1.1331978459377623      -1.1332030596171421      -1.1332030596171452      -1.1331978459377587      -1.1331978459377627      -1.1332030596171438      -1.1332030596171438      -1.1331985799894848      -1.1331985799894218      -1.1332059960078140      -1.1332059960076333
    0.700000      -1.1572459761526184      -1.1572480190438705      -1.1572480190438865      -1.1572541478400460      -1.1572541478400442      -1.1572480190438856      -1.1572480190438830      -1.1572541478400473      -1.1572541478400442      -1.1572490069067158      -1.1572490069067296      -1.1572580995301860      -1.1572580995301740
    0.800000      -1.1609080626626997      -1.1609104215373838      -1.1609104215374206      -1.1609174983168706      -1.1609174983168675      -1.1609104215374177      -1.1609104215374195      -1.1609174983168731      -1.1609174983168669      -1.1609117306227046      -1.1609117306227050      -1.1609227349704785      -1.1609227349706099
    0.900000      -1.1537397505609817      -1.1537424272775607      -1.1537424272776362      -1.1537504576177418      -1.1537504576177329      -1.1537424272776347      -1.1537424272776369      -1.1537504576177449      -1.1537504576177335      -1.1537441242482263      -1.1537441242482380      -1.1537572459105414      -1.1537572459105343
    1.000000      -1.1409856385376824      -1.1409886263694906      -1.1409886263696114      -1.1409975900917186      -1.1409975900917062      -1.1409886263696039      -1.1409886263696092      -1.1409975900917169      -1.1409975900917075      -1.1409907703612250      -1.1409907703612392      -1.1410061665989195      -1.1410061665989084
    1.100000      -1.1256537411546501      -1.1256570253657585      -1.1256570253659295      -1.1256668782617334      -1.1256668782617234      -1.1256570253659286      -1.1256570253659308      -1.1256668782617361      -1.1256668782617232      -1.1256596595496240      -1.1256596595496065      -1.1256774157136167      -1.1256774157135951
    1.200000      -1.1095267100889368      -1.1095302686749502      -1.1095302686751629      -1.1095409447306039      -1.1095409447305884      -1.1095302686751625      -1.1095302686751651      -1.1095409447306031      -1.1095409447305893      -1.1095334109826194      -1.1095334109822250      -1.1095535149196443      -1.1095535149196145
    1.300000      -1.0936840711335289      -1.0936878757793860      -1.0936878757796387      -1.0936992900485665      -1.0936992900485492      -1.0936878757796396      -1.0936878757796396      -1.0936992900485691      -1.0936992900485509      -1.0936915103345930      -1.0936915103341853      -1.0937138295676121      -1.0937138295675868
    1.400000      -1.0787823787834436      -1.0787863961299604      -1.0787863961302520      -1.0787984485333011      -1.0787984485332711      -1.0787863961302495      -1.0787863961302520      -1.0787984485333002      -1.0787984485332722      -1.0787904675430051      -1.0787904675430060      -1.0788147359522964      -1.0788147359522413
    1.500000      -1.0652082866771055      -1.0652124800124991      -1.0652124800128266      -1.0652250604125348      -1.0652250604125015      -1.0652124800128253      -1.0652124800128262      -1.0652250604125362      -1.0652250604125031      -1.0652168928499290      -1.0652168928492931      -1.0652427141497700      -1.0652427141497023
    1.600000      -1.0531652045070736      -1.0531695358873849      -1.0531695358877504      -1.0531825304489952      -1.0531825304489539      -1.0531695358877486      -1.0531695358877520      -1.0531825304489923      -1.0531825304489526      -1.0531741610028280      -1.0531741610027068      -1.0532010340702278      -1.0532010340701754
    1.700000      -1.0427261447467870      -1.0427305773546451      -1.0427305773549849      -1.0427438756247009      -1.0427438756246596      -1.0427305773549826      -1.0427305773549902      -1.0427438756246996      -1.0427438756246601      -1.0427352651654678      -1.0427352651660913      -1.0427626309038591      -1.0427626309038129
    1.800000      -1.0338692633062099      -1.0338737637080273      -1.0338737637082915      -1.0338872653819262      -1.0338872653818894      -1.0338737637082929      -1.0338737637082964      -1.0338872653819253      -1.0338872653818885      -1.0338783622296783      -1.0338783622296708      -1.0339056643978015      -1.0339056643977442
    1.900000      -1.0265043055621763      -1.0265088454725280      -1.0265088454727322      -1.0265224656887981      -1.0265224656887713      -1.0265088454727358      -1.0265088454727396      -1.0265224656888003      -1.0265224656887704      -1.0265132189445612      -1.0265132189445461      -1.0265399653115002      -1.0265399653114335
    2.000000      -1.0204942711024942      -1.0204988283708334      -1.0204988283714149      -1.0205125006696161      -1.0205125006696132      -1.0204988283715384      -1.0204988283715433      -1.0205125006696436      -1.0205125006696190      -1.0205028718055957      -1.0205028718055780      -1.0205286807526814      -1.0205286807526095
    2.100000      -1.0156744013743961      -1.0156789601054166      -1.0156789601065850      -1.0156926367966959      -1.0156926367967798      -1.0156789601070499      -1.0156789601070606      -1.0156926367968435      -1.0156926367968258      -1.0156826065566662      -1.0156826065566489      -1.0157072292937035      -1.0157072292936304
    2.200000      -1.0118689356653652      -1.0118734856150320      -1.0118734856161715      -1.0118871359670711      -1.0118871359680719      -1.0118734856168323      -1.0118734856168690      -1.0118871359674004      -1.0118871359682118      -1.0118767056978160      -1.0118767056977997      -1.0119000230667348      -1.0119000230666670
    2.300000      -1.0089050169382183      -1.0089095524688811      -1.0089095524709422      -1.0089231595630441      -1.0089231595637584      -1.0089095524726377      -1.0089095524727727      -1.0089231595640302      -1.0089231595642560      -1.0089123481167093      -1.0089123481167033      -1.0089343487448663      -1.0089343487448073
    2.400000      -1.0066229125694008      -1.0066274314426156      -1.0066274314426966      -1.0066409885683221      -1.0066409885687564      -1.0066274314427102      -1.0066274314427099      -1.0066409885683298      -1.0066409885687608      -1.0066298269366605      -1.0066298269366463      -1.0066505767911711      -1.0066505767911158
    2.500000      -1.0048822030486486      -1.0048867053225214      -1.0048867053228192      -1.0049002126452946      -1.0049002126462323      -1.0048867053239499      -1.0048867053238131      -1.0049002126460138      -1.0049002126467228      -1.0048887383357601      -1.0048887383357841      -1.0049083504561334      -1.0049083504561060
    2.600000      -1.0035643113928521      -1.0035687984980841      -1.0035687984987391      -1.0035822603100435      -1.0035822603112996      -1.0035687985007111      -1.0035687985007677      -1.0035822603116464      -1.0035822603125071      -1.0035705127018588      -1.0035705127019823      -1.0035891223286715      -1.0035891223287041
    2.700000      -1.0025722628796780      -1.0025767369474918      -1.0025767369473373      -1.0025901596447839      -1.0025901596447828      -1.0025767369475689      -1.0025767369473522      -1.0025901596447966      -1.0025901596447930      -1.0025781767769586      -1.0025781767769539      -1.0025959236097883      -1.0025959236097637
    2.800000      -1.0018287172345546      -1.0018331806421901      -1.0018331806428735      -1.0018465713530911      -1.0018465713538258      -1.0018331806453129      -1.0018331806455782      -1.0018465713553999      -1.0018465713557949      -1.0018343880696559      -1.0018343880699858      -1.0018514051413745      -1.0018514051415859
    2.900000      -1.0012731780264683      -1.0012776331025581      -1.0012776331024706      -1.0012909988153236      -1.0012909988153473      -1.0012776331027362      -1.0012776331025914      -1.0012909988154228      -1.0012909988154410      -1.0012786459000171      -1.0012786459000356      -1.0012950535795011      -1.0012950535795022
    3.000000      -1.0008590183124579      -1.0008634671810437      -1.0008634671809791      -1.0008768142670093      -1.0008768142662228      -1.0008634671811818      -1.0008634671810661      -1.0008768142670843      -1.0008768142662912      -1.0008643182961068      -1.0008643182961192      -1.0008802218285968      -1.0008802218285968
    3.100000      -1.0005506988704851      -1.0005551433700344      -1.0005551433700040      -1.0005684773449588      -1.0005684773443251      -1.0005551433701407      -1.0005551433700723      -1.0005684773450079      -1.0005684773443781      -1.0005558608980267      -1.0005558608980338      -1.0005713501352977      -1.0005713501352944
    3.200000      -1.0003213551715775      -1.0003257968333705      -1.0003257968333767      -1.0003391222915132      -1.0003391222911557      -1.0003257968332542      -1.0003257968334633      -1.0003391222915590      -1.0003391222911993      -1.0003264043656510      -1.0003264043656537      -1.0003415547261314      -1.0003415547261247
    3.300000      -1.0001508031036006      -1.0001552431626117      -1.0001552431626526      -1.0001685638090252      -1.0001685638089475      -1.0001552431625211      -1.0001552431627241      -1.0001685638085935      -1.0001685638088733      -1.0001557602917770      -1.0001557602917877      -1.0001706343058512      -1.0001706343058521
    3.400000      -1.0000239442335952      -1.0000283836574295      -1.0000283836574666      -1.0000417023948722      -1.0000417023952932      -1.0000283836572927      -1.0000283836574519      -1.0000417023948842      -1.0000417023952910      -1.0000288265275563      -1.0000288265276434      -1.0000434755752623      -1.0000434755752499
    3.500000      -0.9999295200398576      -0.9999339595665394      -0.9999339595665743      -0.9999472786098452      -0.9999472786102191      -0.9999339595664120      -0.9999339595665401      -0.9999472786098557      -0.9999472786102309      -0.9999343414054590      -0.9999343414053897      -0.9999488074232420      -0.9999488074232304
    3.600000      -0.9998591548805187      -0.9998635950579862      -0.9998635950580141      -0.9998769160512189      -0.9998769160515031      -0.9998635950578616      -0.9998635950579731      -0.9998769160512255      -0.9998769160515120      -0.9998639266580700      -0.9998639266580032      -0.9998782437018259      -0.9998782437018114
    3.700000      -0.9998066291933909      -0.9998110704170924      -0.9998110704171110      -0.9998243945467864      -0.9998243945470002      -0.9998110704169754      -0.9998110704170664      -0.9998243945467908      -0.9998243945470104      -0.9998113605552035      -0.9998113605551415      -0.9998255561723792      -0.9998255561723688
    3.800000      -0.9997673315764400      -0.9997717741226618      -0.9997717741226787      -0.9997851022178913      -0.9997851022180625      -0.9997717741225528      -0.9997717741226301      -0.9997851022178946      -0.9997851022180732      -0.9997720299177332      -0.9997720299176810      -0.9997861263204689      -0.9997861263204587
    3.900000      -0.9997378474236581      -0.9997422914776993      -0.9997422914777153      -0.9997556240945983      -0.9997556240947502      -0.9997422914776003      -0.9997422914776658      -0.9997556240946038      -0.9997556240947659      -0.9997425186910548      -0.9997425186910033      -0.9997565337420352      -0.9997565337420252
    4.000000      -0.9997156507652304      -0.9997200964443064      -0.9997200964443239      -0.9997334339346510      -0.9997334339348075      -0.9997200964442151      -0.9997200964442748      -0.9997334339346601      -0.9997334339348251      -0.9997202997298190      -0.9997202997297771      -0.9997342477617829      -0.9997342477617733
    4.100000      -0.9996988738170516      -0.9997033211882049      -0.9997033211882207      -0.9997166637531654      -0.9997166637533401      -0.9997033211881214      -0.9997033211881747      -0.9997166637531767      -0.9997166637533539      -0.9997035042998237      -0.9997035042997864      -0.9997173967922663      -0.9997173967922599
    4.200000      -0.9996861350659504      -0.9996905841596510      -0.9996905841596652      -0.9997039318906388      -0.9997039318908368      -0.9996905841595795      -0.9996905841596232      -0.9997039318906561      -0.9997039318908539      -0.9996907501232152      -0.9996907501231832      -0.9997045962590546      -0.9997045962590491
    4.300000      -0.9996764115192247      -0.9996808623393802      -0.9996808623393969      -0.9996942152482591      -0.9996942152484740      -0.9996808623393205      -0.9996808623393540      -0.9996942152482835      -0.9996942152484858      -0.9996810135947063      -0.9996810135946805      -0.9996948207170955      -0.9996948207170924
    4.400000      -0.9996689442590018      -0.9996733967902757      -0.9996733967902890      -0.9996867548311675      -0.9996867548313738      -0.9996733967902277      -0.9996733967902424      -0.9996867548312006      -0.9996867548313694      -0.9996735353084599      -0.9996735353084411      -0.9996873092948214      -0.9996873092948179
    4.500000      -0.9996631690080292      -0.9996676232208493      -0.9996676232209488      -0.9996809863057555      -0.9996809863058692      -0.9996676232209915      -0.9996676232209690      -0.9996809863057715      -0.9996809863058634      -0.9996677506009300      -0.9996677506009090      -0.9996814961681501      -0.9996814961681449
    4.600000      -0.9996586653139200      -0.9996631211685360      -0.9996631211686161      -0.9996764891776285      -0.9996764891776636      -0.9996631211686665      -0.9996631211686625      -0.9996764891775739      -0.9996764891776878      -0.9996632387158956      -0.9996632387158805      -0.9996769596680469      -0.9996769596680423
    4.700000      -0.9996551194311815      -0.9996595768797490      -0.9996595768798132      -0.9996729496695885      -0.9996729496695514      -0.9996595768798467      -0.9996595768798381      -0.9996729496694944      -0.9996729496695781      -0.9996596856704579      -0.9996596856704477      -0.9996733850982215      -0.9996733850982152
    4.800000      -0.9996522971552712      -0.9996567561438655      -0.9996567561439224      -0.9996701335527759      -0.9996701335527040      -0.9996567561439454      -0.9996567561439370      -0.9996701335526638      -0.9996701335526893      -0.9996568570755365      -0.9996568570755252      -0.9996705375150147      -0.9996705375150098
    4.900000      -0.9996500238152670      -0.9996544842853192      -0.9996544842853721      -0.9996678661376714      -0.9996678661375957      -0.9996544842853936      -0.9996544842853801      -0.9996678661375529      -0.9996678661375298      -0.9996545781172155      -0.9996545781172070      -0.9996682416747125      -0.9996682416747102
    5.000000      -0.9996481693962069      -0.9996526312856835      -0.9996526312857272      -0.9996660173954175      -0.9996660173953669      -0.9996526312857528      -0.9996526312857414      -0.9996660173953114      -0.9996660173952516      -0.9996527186696715      -0.9996527186696609      -0.9996663671181183      -0.9996663671182369
