# molecule         = H2
# geometry         = H 0 0 0; H 0 0 {R:.6f}
# basis            = sadlej
# basis_source     = sadlej.gbs
# lambda           = 0.010000
# omega            = 0.468700
# mode_dir         = [1.0, 0.0, 0.0]
# scheme           = general
# offdiag          = none
# method           = QED-FCI
# nboson_max       = 8
# n_fock_states    = 9
# ff_step_h        = 0.001
# n_field_points   = 13
# fci_tol          = 1e-11
# fci_max_cycle    = 300
# scf_conv_tol     = 1e-12
# center_geometry  = True
# frozen_core_orbitals = 0
# coherent_state   = True
# z_selfconsistent_iter = 0
# R_range_Ang      = 0.4:0.1:5.0
# R_e_ref_Ang      = 0.7414
# pyscf            = 2.11.0
# python           = 3.13.12
# host             = fedora
# date             = 2026-08-17 21:46:31
# columns          = R,fci[0],fci[+x],fci[-x],fci[+2x],fci[-2x],fci[+y],fci[-y],fci[+2y],fci[-2y],fci[+z],fci[-z],fci[+2z],fci[-2z]
    0.500000      -1.0703106336825898      -1.0703120868758067      -1.0703120868759395      -1.0703164464766324      -1.0703164464766368      -1.0703120867898261      -1.0703120867898301      -1.0703164461320773      -1.0703164461321262      -1.0703126303835824      -1.0703126303832258      -1.0703186206507362      -1.0703186206497948
    0.600000      -1.1331584460637620      -1.1331601838781691      -1.1331601838783583      -1.1331653974124303      -1.1331653974124272      -1.1331601837539449      -1.1331601837539143      -1.1331653969145028      -1.1331653969144944      -1.1331609178526489      -1.1331609178526227      -1.1331683334931737      -1.1331683334930773
    0.700000      -1.1572064316021162      -1.1572084744379105      -1.1572084744379318      -1.1572146030650101      -1.1572146030650026      -1.1572084742658721      -1.1572084742658744      -1.1572146023767256      -1.1572146023767251      -1.1572094621922822      -1.1572094621922897      -1.1572185543210876      -1.1572185543210671
    0.800000      -1.1608667536585890      -1.1608691124725599      -1.1608691124726127      -1.1608761890696866      -1.1608761890696755      -1.1608691122449655      -1.1608691122449664      -1.1608761881590242      -1.1608761881590188      -1.1608704214096355      -1.1608704214096410      -1.1608814251300661      -1.1608814251302095
    0.900000      -1.1536968190589645      -1.1536994957139051      -1.1536994957140030      -1.1537075258691603      -1.1537075258691412      -1.1536994954247015      -1.1536994954247131      -1.1537075247118789      -1.1537075247118691      -1.1537011924869811      -1.1537011924869993      -1.1537143133712915      -1.1537143133712853
    1.000000      -1.1409412425355425      -1.1409442303078823      -1.1409442303080368      -1.1409531938518955      -1.1409531938518702      -1.1409442299534489      -1.1409442299534627      -1.1409531924334444      -1.1409531924334320      -1.1409463740430272      -1.1409463740430357      -1.1409617693322507      -1.1409617693322418
    1.100000      -1.1256080490975209      -1.1256113332535735      -1.1256113332537836      -1.1256211859846483      -1.1256211859846086      -1.1256113328329829      -1.1256113328330026      -1.1256211843013377      -1.1256211843013229      -1.1256139671125180      -1.1256139671124936      -1.1256317221362429      -1.1256317221362202
    1.200000      -1.1094798956365568      -1.1094834541730210      -1.1094834541732932      -1.1094941300804040      -1.1094941300803502      -1.1094834536881852      -1.1094834536882061      -1.1094941281398407      -1.1094941281398212      -1.1094865960789106      -1.1094865960785172      -1.1095066986615114      -1.1095066986614857
    1.300000      -1.0936363085999710      -1.0936401132017477      -1.0936401132020759      -1.0936515273391998      -1.0936515273391159      -1.0936401126572890      -1.0936401126573290      -1.0936515251599488      -1.0936515251599279      -1.0936437472710754      -1.0936437472706602      -1.0936660649136938      -1.0936660649136734
    1.400000      -1.0787338393312553      -1.0787378566381609      -1.0787378566385333      -1.0787499089232577      -1.0787499089231405      -1.0787378560411469      -1.0787378560412062      -1.0787499065336081      -1.0787499065335799      -1.0787419274760675      -1.0787419274760652      -1.0787661940404394      -1.0787661940403863
    1.500000      -1.0651591345643858      -1.0651633278628370      -1.0651633278632564      -1.0651759081530703      -1.0651759081529317      -1.0651633272221974      -1.0651633272222678      -1.0651759055887278      -1.0651759055886953      -1.0651677400338118      -1.0651677400331696      -1.0651935592229831      -1.0651935592229180
    1.600000      -1.0531155928517000      -1.0531199241956777      -1.0531199241961404      -1.0531329186502085      -1.0531329186500438      -1.0531199235213851      -1.0531199235214614      -1.0531329159511005      -1.0531329159510603      -1.0531245485555099      -1.0531245485553853      -1.0531514192472657      -1.0531514192472129
    1.700000      -1.0426762110092040      -1.0426806435807330      -1.0426806435812406      -1.0426939417415841      -1.0426939417413985      -1.0426806428828841      -1.0426806428829680      -1.0426939389480565      -1.0426939389480157      -1.0426853305541548      -1.0426853305547836      -1.0427126936689035      -1.0427126936688582
    1.800000      -1.0338191252738840      -1.0338236256388433      -1.0338236256394953      -1.0338371271986495      -1.0338371271984510      -1.0338236249268173      -1.0338236249269137      -1.0338371243477598      -1.0338371243477247      -1.0338282232541354      -1.0338282232541274      -1.0338555225856165      -1.0338555225855615
    1.900000      -1.0264540587196740      -1.0264585985916121      -1.0264585985924055      -1.0264722186885422      -1.0264722186883284      -1.0264585978731384      -1.0264585978732470      -1.0264722158111361      -1.0264722158110984      -1.0264629711054829      -1.0264629711054714      -1.0264897144738796      -1.0264897144738101
    2.000000      -1.0204439879648943      -1.0204485451908341      -1.0204485451913297      -1.0204622173660727      -1.0204622173658415      -1.0204485444711375      -1.0204485444712603      -1.0204622144851192      -1.0204622144850968      -1.0204525876343196      -1.0204525876342998      -1.0204783934823285      -1.0204783934822577
    2.100000      -1.0156241328200140      -1.0156286915089299      -1.0156286915100889      -1.0156423680771078      -1.0156423680769364      -1.0156286907930590      -1.0156286907931951      -1.0156423652077129      -1.0156423652076916      -1.0156323369565190      -1.0156323369565030      -1.0156569565574156      -1.0156569565573448
    2.200000      -1.0118187138621395      -1.0118232637715172      -1.0118232637726376      -1.0118369140061536      -1.0118369140060077      -1.0118232630606128      -1.0118232630607584      -1.0118369111555188      -1.0118369111563328      -1.0118264828558001      -1.0118264828557806      -1.0118497971091134      -1.0118497971090412
    2.300000      -1.0088548591190074      -1.0088593946100177      -1.0088593946104312      -1.0088730015930036      -1.0088730015926199      -1.0088593939035646      -1.0088593939036929      -1.0088729987650376      -1.0088729987652081      -1.0088621892751970      -1.0088621892751803      -1.0088841868543095      -1.0088841868542482
    2.400000      -1.0065728249312502      -1.0065773437719812      -1.0065773437723953      -1.0065909008020992      -1.0065909008018268      -1.0065773430709635      -1.0065773430710929      -1.0065908979957072      -1.0065908979961573      -1.0065797383159689      -1.0065797383159518      -1.0066004852200572      -1.0066004852200034
    2.500000      -1.0048321843449939      -1.0048366865906886      -1.0048366865911393      -1.0048501938321863      -1.0048501938319667      -1.0048366858945532      -1.0048366858944247      -1.0048501910449219      -1.0048501910455747      -1.0048387186862620      -1.0048387186862535      -1.0048583279731089      -1.0048583279730630
    2.600000      -1.0035143558026320      -1.0035188428854884      -1.0035188428867052      -1.0035323046331435      -1.0035323046333535      -1.0035188421954042      -1.0035188421954768      -1.0035323018629143      -1.0035323018637208      -1.0035205562082585      -1.0035205562083347      -1.0035391631252797      -1.0035391631252935
    2.700000      -1.0025223622087498      -1.0025268362602999      -1.0025268362592032      -1.0025402589100296      -1.0025402589100230      -1.0025268355720860      -1.0025268355720915      -1.0025402561525123      -1.0025402561525929      -1.0025282752456910      -1.0025282752457452      -1.0025460194908027      -1.0025460194908173
    2.800000      -1.0017788624579811      -1.0017833258538760      -1.0017833258527924      -1.0017967165321249      -1.0017967165320556      -1.0017833251676553      -1.0017833251676489      -1.0017967137837489      -1.0017967137838109      -1.0017845324644929      -1.0017845324645456      -1.0018015470620645      -1.0018015470620842
    2.900000      -1.0012233602463325      -1.0012278153169296      -1.0012278153159069      -1.0012411810149338      -1.0012411810147657      -1.0012278146318767      -1.0012278146318356      -1.0012411782726369      -1.0012411782726469      -1.0012288273302457      -1.0012288273302570      -1.0012452326391268      -1.0012452326391190
    3.000000      -1.0008092293955626      -1.0008136782640309      -1.0008136782632266      -1.0008270253513689      -1.0008270253512330      -1.0008136775799923      -1.0008136775799956      -1.0008270226129337      -1.0008270226121310      -1.0008145286197883      -1.0008145286198129      -1.0008304298720079      -1.0008304298720110
    3.100000      -1.0005009317231568      -1.0005053762278018      -1.0005053762272023      -1.0005187102197277      -1.0005187102196100      -1.0005053755441360      -1.0005053755441846      -1.0005187074828497      -1.0005187074822242      -1.0005060930170062      -1.0005060930170262      -1.0005215800512830      -1.0005215800512894
    3.200000      -1.0002716038478456      -1.0002760455197994      -1.0002760455193660      -1.0002893710100809      -1.0002893710100005      -1.0002760448359478      -1.0002760448360162      -1.0002893682727598      -1.0002893682724059      -1.0002766523296214      -1.0002766523296232      -1.0002918005518393      -1.0002918005518366
    3.300000      -1.0001010627762419      -1.0001055028503010      -1.0001055028499879      -1.0001188235435561      -1.0001188235436604      -1.0001055021659244      -1.0001055021660124      -1.0001188208042464      -1.0001188208041643      -1.0001060192697317      -1.0001060192697322      -1.0001208911988280      -1.0001208911988093
    3.400000      -0.9999742110873950      -0.9999786505310677      -0.9999786505308228      -0.9999919693301451      -0.9999919693301971      -0.9999786498437668      -0.9999786498458221      -0.9999919665870778      -0.9999919665875010      -0.9999790927011147      -0.9999790927012102      -0.9999937397069936      -0.9999937397069816
    3.500000      -0.9998797911282934      -0.9998842306794279      -0.9998842306792154      -0.9998975497981489      -0.9998975497980925      -0.9998842299911291      -0.9998842299930807      -0.9998975470507981      -0.9998975470511809      -0.9998846118250563      -0.9998846118249828      -0.9998990758353189      -0.9998990758353060
    3.600000      -0.9998094279660785      -0.9998138681724562      -0.9998138681722248      -0.9998271892543651      -0.9998271892542698      -0.9998138674829768      -0.9998138674848340      -0.9998271865019923      -0.9998271865022830      -0.9998141990837206      -0.9998141990836513      -0.9998285141468151      -0.9998285141468006
    3.700000      -0.9997569025979023      -0.9997613438547663      -0.9997613438544879      -0.9997746680858102      -0.9997746680857151      -0.9997613431640258      -0.9997613431657415      -0.9997746653279425      -0.9997746653281596      -0.9997616333066586      -0.9997616333066026      -0.9997758269638346      -0.9997758269638251
    3.800000      -0.9997176040502366      -0.9997220466336655      -0.9997220466333042      -0.9997353748422600      -0.9997353748421690      -0.9997220459416102      -0.9997220459431649      -0.9997353720786383      -0.9997353720788075      -0.9997223017436251      -0.9997223017435671      -0.9997363962019329      -0.9997363962019244
    3.900000      -0.9996881180368423      -0.9996925621319085      -0.9996925621314728      -0.9997058948734970      -0.9997058948734082      -0.9996925614385616      -0.9996925614399211      -0.9997058921040606      -0.9997058921042173      -0.9996927886601382      -0.9996927886600903      -0.9997068017781957      -0.9997068017781895
    4.000000      -0.9996659188251135      -0.9996703645487642      -0.9996703645483070      -0.9996837021744204      -0.9996837021743373      -0.9996703638542005      -0.9996703638553489      -0.9996836993992696      -0.9996836993994310      -0.9996705671483442      -0.9996705671483018      -0.9996845132556634      -0.9996845132556543
    4.100000      -0.9996491388066080      -0.9996535862256473      -0.9996535862251767      -0.9996669289357907      -0.9996669289357170      -0.9996535855299329      -0.9996535855308633      -0.9996669261551518      -0.9996669261553339      -0.9996537686499545      -0.9996537686499209      -0.9996676592235343      -0.9996676592235312
    4.200000      -0.9996363966006979      -0.9996408457453473      -0.9996408457448286      -0.9996541936306079      -0.9996541936305344      -0.9996408450485353      -0.9996408450492557      -0.9996541908447835      -0.9996541908449895      -0.9996410110198272      -0.9996410110198010      -0.9996548552406906      -0.9996548552406862
    4.300000      -0.9996266693176841      -0.9996311201916037      -0.9996311201910091      -0.9996444732630787      -0.9996444732630152      -0.9996311194937522      -0.9996311194942813      -0.9996444704724339      -0.9996444704726530      -0.9996312707558492      -0.9996312707558239      -0.9996450759657491      -0.9996450759657471
    4.400000      -0.9996191981229413      -0.9996236507105546      -0.9996236507098869      -0.9996370089216143      -0.9996370089215644      -0.9996236500117176      -0.9996236500120902      -0.9996370061265608      -0.9996370061267560      -0.9996237885355678      -0.9996237885355500      -0.9996375606109381      -0.9996375606109326
    4.500000      -0.9996134188090734      -0.9996178730807147      -0.9996178730800055      -0.9996312363424945      -0.9996312363424528      -0.9996178723809878      -0.9996178723812125      -0.9996312335434282      -0.9996312335435537      -0.9996179997654003      -0.9996179997653848      -0.9996317434224441      -0.9996317434224412
    4.600000      -0.9996089109838898      -0.9996133668994286      -0.9996133668986983      -0.9996267350916089      -0.9996267350915918      -0.9996133661988512      -0.9996133661989964      -0.9996267322889615      -0.9996267322889901      -0.9996134837494065      -0.9996134837493992      -0.9996272027917678      -0.9996272027917666
    4.700000      -0.9996053609544878      -0.9996098184658718      -0.9996098184651513      -0.9996231914444097      -0.9996231914444197      -0.9996098177644891      -0.9996098177646248      -0.9996231886385462      -0.9996231886385055      -0.9996099265573485      -0.9996099265573356      -0.9996236240754434      -0.9996236240754389
    4.800000      -0.9996025345621481      -0.9996069936152628      -0.9996069936145641      -0.9996203712179165      -0.9996203712179620      -0.9996069929130617      -0.9996069929132364      -0.9996203684091615      -0.9996203684090873      -0.9996070938459894      -0.9996070938459808      -0.9996207723758000      -0.9996207723757967
    4.900000      -0.9996002571753180      -0.9996047177104179      -0.9996047177107727      -0.9996180997603150      -0.9996180997620026      -0.9996047170083213      -0.9996047170087308      -0.9996180969507358      -0.9996180969506390      -0.9996048108408238      -0.9996048108408140      -0.9996184724886170      -0.9996184724886157
    5.000000      -0.9995983988120343      -0.9996028607679819      -0.9996028607683485      -0.9996162470793357      -0.9996162470810033      -0.9996028600653069      -0.9996028600656639      -0.9996162442674792      -0.9996162442673642      -0.9996029474490389      -0.9996029474490336      -0.9996165939877746      -0.9996165939878920
