# molecule         = H2
# geometry         = H 0 0 0; H 0 0 {R:.6f}
# basis            = sadlej
# basis_source     = sadlej.gbs
# lambda           = 0.010000
# omega            = 0.468700
# mode_dir         = [1.0, 0.0, 0.0]
# scheme           = general
# offdiag          = none
# method           = QED-FCI
# nboson_max       = 8
# n_fock_states    = 9
# ff_step_h        = 0.001
# n_field_points   = 13
# fci_tol          = 1e-11
# fci_max_cycle    = 300
# scf_conv_tol     = 1e-12
# center_geometry  = True
# frozen_core_orbitals = 0
# coherent_state   = True
# z_selfconsistent_iter = 0
# R_range_Ang      = 0.4:0.1:5.0
# R_e_ref_Ang      = 0.7414
# pyscf            = 2.11.0
# python           = 3.13.12
# host             = fedora
# date             = 2026-08-17 21:46:31
# columns          = R,mu_abs,mu_x,mu_y,mu_z,a_xx,a_yy,a_zz,a_xz,a_iso,err_xx,err_yy,err_zz,dse_mu_z,dse_a_xx,dse_a_yy,dse_a_zz,dse_a_iso,boson_gap,status
#             R         mu_abs           mu_x           mu_y           mu_z           a_xx           a_yy           a_zz           a_xz          a_iso         err_xx         err_yy         err_zz       dse_mu_z       dse_a_xx       dse_a_yy       dse_a_zz      dse_a_iso      boson_gap         status
     0.400000  FAILED  # быстрая свёртка расходится с эталонной
     0.500000       0.000000      -0.000000       0.000000       0.000000       2.906383       2.906211       3.993374       0.000000       3.268656       0.000010       0.000010       0.000082      -0.000000       2.904965       2.905902       3.992812       3.267893            nan  OK
     0.600000       0.000000      -0.000000       0.000000       0.000000       3.475614       3.475365       4.943532       0.000000       3.964837       0.000045       0.000045       0.000137       0.000000       3.473671       3.474980       4.942810       3.963820            nan  OK
     0.700000       0.000000      -0.000000      -0.000000      -0.000000       4.085652       4.085308       6.061121       0.000000       4.744027       0.000060       0.000060       0.000179      -0.000000       4.083034       4.084794       6.060163       4.742663            nan  OK
     0.800000       0.000000      -0.000000      -0.000000       0.000000       4.717602       4.717147       7.335424       0.000000       5.590058       0.000078       0.000077       0.000234       0.000000       4.714213       4.716496       7.334196       5.588301            nan  OK
     0.900000       0.000000      -0.000000      -0.000000      -0.000000       5.353278       5.352700       8.746756       0.000000       6.484245       0.000095       0.000095       0.000300      -0.000000       5.349035       5.351902       8.745221       6.482053            nan  OK
     1.000000       0.000000      -0.000000      -0.000000      -0.000000       5.975507       5.974798      10.262887       0.000000       7.404397       0.000113       0.000113       0.000383       0.000000       5.970354       5.973853      10.261014       7.401740            nan  OK
     1.100000       0.000000      -0.000000      -0.000000       0.000000       6.568269       6.567427      11.835867       0.000000       8.323854       0.000131       0.000131       0.000489      -0.000000       6.562178       6.566334      11.833629       8.320714            nan  OK
     1.200000       0.000000      -0.000000      -0.000000       0.000000       7.117024       7.116054      13.400675       0.000000       9.211251       0.000149       0.000148       0.000628      -0.000000       7.109999       7.114816      13.398047       9.207621            nan  OK
     1.300000       0.000000      -0.000000      -0.000000       0.000000       7.609149       7.608060      14.877070       0.000000      10.031426       0.000166       0.000165       0.000815      -0.000000       7.601226       7.606685      14.874034      10.027315            nan  OK
     1.400000       0.000000      -0.000000      -0.000000      -0.000000       8.034554       8.033359      16.175935       0.000000      10.747949       0.000182       0.000181       0.001065      -0.000000       8.025800       8.031856      16.172478      10.743378            nan  OK
     1.500000       0.000000      -0.000000      -0.000000       0.000000       8.386532       8.385250      17.210475       0.000000      11.327419       0.000197       0.000196       0.001391       0.000000       8.377044       8.383630      17.206599      11.322424            nan  OK
     1.600000       0.000000      -0.000000      -0.000000       0.000000       8.662618       8.661269      17.910811       0.000000      11.744899       0.000211       0.000210       0.001790      -0.000000       8.652513       8.659546      17.906536      11.739532            nan  OK
     1.700000       0.000000      -0.000000      -0.000000      -0.000000       8.865069       8.863673      18.238344       0.000000      11.989029       0.000223       0.000222       0.002239       0.000000       8.854475       8.861862      18.233714      11.983350            nan  OK
     1.800000       0.000000      -0.000000      -0.000000       0.000000       9.000653       8.999229      18.195062       0.000000      12.064981       0.000232       0.000231       0.002695      -0.000000       8.989698       8.997346      18.190150      12.059065            nan  OK
     1.900000       0.000000      -0.000000      -0.000000       0.000000       9.079665       9.078227      17.823736       0.000000      11.993876       0.000240       0.000239       0.003105      -0.000000       9.068472       9.076294      17.818646      11.987804            nan  OK
     2.000000       0.000000      -0.000000      -0.000000       0.000000       9.114370       9.112930      17.198199       0.000000      11.808500       0.000248       0.000247       0.003420      -0.000000       9.103049       9.110969      17.193051      11.802356            nan  OK
     2.100000       0.000000      -0.000000      -0.000000       0.000000       9.117296       9.115864      16.407074       0.000000      11.546745       0.000250       0.000248       0.003596       0.000000       9.105921       9.113880      16.401973      11.540592            nan  OK
     2.200000       0.000000      -0.000000      -0.000000       0.000000       9.099736       9.098314      15.536775       0.000000      11.244942       0.000252       0.000250       0.003636      -0.000000       9.088373       9.096329      15.531829      11.238843            nan  OK
     2.300000       0.000000      -0.000000      -0.000000       0.000000       9.070898       9.069485      14.659127       0.000000      10.933170       0.000254       0.000254       0.003555      -0.000000       9.059587       9.067513      14.654418      10.927173            nan  OK
     2.400000       0.000000      -0.000000      -0.000000       0.000000       9.037597       9.036195      13.825644       0.000000      10.633146       0.000253       0.000253       0.003375      -0.000000       9.026357       9.034237      13.821215      10.627270            nan  OK
     2.500000       0.000000      -0.000000       0.000000       0.000000       9.004408       9.003015      13.067639       0.000000      10.358354       0.000252       0.000251       0.003132       0.000000       8.993247       9.001075      13.063514      10.352612            nan  OK
     2.600000       0.000000      -0.000000       0.000000      -0.000000       8.974084       8.972704      12.399861       0.000000      10.115550       0.000248       0.000245       0.002850       0.000000       8.963000       8.970776      12.396035      10.109937            nan  OK
     2.700000       0.000000       0.000000       0.000000      -0.000000       8.948019       8.946645      11.825218       0.000000       9.906627       0.000249       0.000245       0.002567      -0.000000       8.937013       8.944740      11.821693       9.901149            nan  OK
     2.800000       0.000000       0.000000       0.000000      -0.000000       8.926709       8.925338      11.339250       0.000000       9.730432       0.000246       0.000244       0.002289       0.000000       8.915769       8.923453      11.336001       9.725074            nan  OK
     2.900000       0.000000       0.000000       0.000000      -0.000000       8.910059       8.908690      10.933492       0.000000       9.584080       0.000244       0.000242       0.002029       0.000000       8.899177       8.906824      10.930492       9.578831            nan  OK
     3.000000       0.000000       0.000000      -0.000000      -0.000000       8.897656       8.896289      10.597852       0.000000       9.463932       0.000242       0.000240       0.001790      -0.000000       8.886822       8.894438      10.595070       9.458777            nan  OK
     3.100000       0.000000       0.000000      -0.000000      -0.000000       8.888929       8.887563      10.322062       0.000000       9.366185       0.000240       0.000238       0.001576      -0.000000       8.878135       8.885726      10.319471       9.361111            nan  OK
     3.200000       0.000000       0.000000      -0.000000      -0.000000       8.883264       8.881898      10.096501       0.000000       9.287221       0.000238       0.000236       0.001388       0.000000       8.872504       8.880074      10.094072       9.282217            nan  OK
     3.300000       0.000000       0.000000      -0.000000      -0.000000       8.880069       8.878701       9.912579       0.000000       9.223783       0.000236       0.000235       0.001224      -0.000000       8.869337       8.876889       9.910287       9.218838            nan  OK
     3.400000       0.000000       0.000000      -0.000000      -0.000000       8.878809       8.877436       9.762867       0.000000       9.173037       0.000234       0.000235       0.001082       0.000000       8.868100       8.875637       9.760690       9.168142            nan  OK
     3.500000       0.000000       0.000000      -0.000000       0.000000       8.879024       8.877650       9.641073       0.000000       9.132583       0.000233       0.000234       0.000960       0.000000       8.868334       8.875860       9.638992       9.127729            nan  OK
     3.600000       0.000000       0.000000      -0.000000       0.000000       8.880335       8.878958       9.541950       0.000000       9.100415       0.000232       0.000232       0.000855       0.000000       8.869661       8.877177       9.539947       9.095595            nan  OK
     3.700000       0.000000       0.000000      -0.000000       0.000000       8.882437       8.881057       9.461162       0.000000       9.074885       0.000230       0.000231       0.000766       0.000000       8.871776       8.879283       9.459223       9.070094            nan  OK
     3.800000       0.000000       0.000000      -0.000000       0.000000       8.885090       8.883708       9.395157       0.000000       9.054652       0.000229       0.000230       0.000689      -0.000000       8.874440       8.881941       9.393269       9.049883            nan  OK
     3.900000       0.000000       0.000000      -0.000000       0.000000       8.888113       8.886729       9.341039       0.000000       9.038627       0.000229       0.000229       0.000624      -0.000000       8.877474       8.884968       9.339191       9.033878            nan  OK
     4.000000       0.000000       0.000000      -0.000000       0.000000       8.891371       8.889983       9.296457       0.000000       9.025937       0.000228       0.000228       0.000569      -0.000000       8.880740       8.888228       9.294642       9.021203            nan  OK
     4.100000       0.000000       0.000000      -0.000000       0.000000       8.894762       8.893372       9.259513       0.000000       9.015882       0.000227       0.000227       0.000522      -0.000000       8.884138       8.891622       9.257723       9.011161            nan  OK
     4.200000       0.000000       0.000000      -0.000000       0.000000       8.898213       8.896821       9.228678       0.000000       9.007904       0.000226       0.000226       0.000482      -0.000000       8.887595       8.895076       9.226908       9.003193            nan  OK
     4.300000       0.000000       0.000000      -0.000000       0.000000       8.901672       8.900278       9.202727       0.000000       9.001559       0.000225       0.000225       0.000448       0.000000       8.891060       8.898537       9.200973       8.996857            nan  OK
     4.400000       0.000000       0.000000      -0.000000       0.000000       8.905100       8.903703       9.180686       0.000000       8.996496       0.000225       0.000224       0.000419       0.000000       8.894492       8.901967       9.178943       8.991801            nan  OK
     4.500000       0.000000       0.000000      -0.000000       0.000000       8.908468       8.907070       9.161781       0.000000       8.992440       0.000224       0.000223       0.000394       0.000000       8.897864       8.905337       9.160048       8.987750            nan  OK
     4.600000       0.000000       0.000000      -0.000000       0.000000       8.911756       8.910356       9.145407       0.000000       8.989173       0.000224       0.000222       0.000373      -0.000000       8.901156       8.908627       9.143680       8.984488            nan  OK
     4.700000       0.000000       0.000000      -0.000000       0.000000       8.914948       8.913546       9.131087       0.000000       8.986527       0.000223       0.000222       0.000355       0.000000       8.904351       8.911821       9.129366       8.981846            nan  OK
     4.800000       0.000000       0.000000      -0.000000       0.000000       8.918031       8.916628       9.118455       0.000000       8.984371       0.000222       0.000221       0.000339      -0.000000       8.907437       8.914906       9.116737       8.979694            nan  OK
     4.900000       0.000000      -0.000000      -0.000000       0.000000       8.920996       8.919593       9.107222       0.000000       8.982604       0.000222       0.000221       0.000326      -0.000000       8.910405       8.917874       9.105508       8.977929            nan  OK
     5.000000       0.000000      -0.000000      -0.000000       0.000000       8.923838       8.922433       9.097169       0.000000       8.981147       0.000222       0.000221       0.000314      -0.000000       8.913249       8.920718       9.095457       8.976475       0.000000  OK
