# molecule         = H2
# geometry         = H 0 0 0; H 0 0 {R:.6f}
# basis            = sadlej
# basis_source     = sadlej.gbs
# lambda           = 0.050000
# omega            = 0.468700
# mode_dir         = [1.0, 0.0, 0.0]
# scheme           = general
# offdiag          = none
# method           = QED-FCI
# nboson_max       = 8
# n_fock_states    = 9
# ff_step_h        = 0.001
# n_field_points   = 13
# fci_tol          = 1e-11
# fci_max_cycle    = 300
# scf_conv_tol     = 1e-12
# center_geometry  = True
# frozen_core_orbitals = 0
# coherent_state   = True
# z_selfconsistent_iter = 0
# R_range_Ang      = 0.4:0.1:5.0
# R_e_ref_Ang      = 0.7414
# pyscf            = 2.11.0
# python           = 3.13.12
# host             = fedora
# date             = 2026-08-17 21:48:22
# columns          = R,fci[0],fci[+x],fci[-x],fci[+2x],fci[-2x],fci[+y],fci[-y],fci[+2y],fci[-2y],fci[+z],fci[-z],fci[+2z],fci[-2z]
    0.500000      -1.0694545006287022      -1.0694559529017342      -1.0694559529017862      -1.0694603097794693      -1.0694603097794479      -1.0694559507629198      -1.0694559507628940      -1.0694603012233712      -1.0694603012233548      -1.0694564951360317      -1.0694564951359429      -1.0694624788590079      -1.0694624788587246
    0.600000      -1.1322553074091746      -1.1322570440615689      -1.1322570440616599      -1.1322622541115901      -1.1322622541115634      -1.1322570409716544      -1.1322570409716388      -1.1322622417506338      -1.1322622417506178      -1.1322577761948194      -1.1322577761948580      -1.1322651828262822      -1.1322651828263635
    0.700000      -1.1562582463775049      -1.1562602878618971      -1.1562602878620485      -1.1562664124362119      -1.1562664124361608      -1.1562602835917910      -1.1562602835918203      -1.1562663953538039      -1.1562663953538004      -1.1562612730403554      -1.1562612730403639      -1.1562703533854166      -1.1562703533853793
    0.800000      -1.1598763638052905      -1.1598787211618538      -1.1598787211621131      -1.1598857933876237      -1.1598857933875280      -1.1598787155129986      -1.1598787155130597      -1.1598857707893411      -1.1598857707893389      -1.1598800265813485      -1.1598800265813445      -1.1598910153728386      -1.1598910153730249
    0.900000      -1.1526676350791416      -1.1526703102558074      -1.1526703102562077      -1.1526783359783594      -1.1526783359785635      -1.1526703030777803      -1.1526703030778960      -1.1526783072623377      -1.1526783072623226      -1.1526720023431378      -1.1526720023431352      -1.1526851047305913      -1.1526851047305817
    1.000000      -1.1398770552324544      -1.1398800415800925      -1.1398800415806956      -1.1398890008529583      -1.1398890008529432      -1.1398800327825991      -1.1398800327827887      -1.1398889656574847      -1.1398889656574593      -1.1398821792319618      -1.1398821792319525      -1.1398975519903423      -1.1398975519903223
    1.100000      -1.1245128958981025      -1.1245161787358757      -1.1245161787367195      -1.1245260275162574      -1.1245260275162434      -1.1245161682960378      -1.1245161682963263      -1.1245259857498375      -1.1245259857498158      -1.1245188048931853      -1.1245188048935479      -1.1245365328479910      -1.1245365328479624
    1.200000      -1.1083579354567030      -1.1083614928079282      -1.1083614928090486      -1.1083721651652105      -1.1083721651651937      -1.1083614807734024      -1.1083614807734055      -1.1083721170167529      -1.1083721170167187      -1.1083646251910504      -1.1083646251906694      -1.1083846956376902      -1.1083846956376613
    1.300000      -1.0924917128795495      -1.0924955164304344      -1.0924955164305254      -1.0925069274153811      -1.0925069274153469      -1.0924955029144781      -1.0924955029144847      -1.0925068733459158      -1.0925068733458740      -1.0924991389819900      -1.0924991389819838      -1.0925214189035870      -1.0925214189035222
    1.400000      -1.0775707012259161      -1.0775747175908408      -1.0775747175909571      -1.0775867670501771      -1.0775867670501382      -1.0775747027703590      -1.0775747027703690      -1.0775867077619037      -1.0775867077618611      -1.0775787747945109      -1.0775787747944925      -1.0776029976117238      -1.0776029976116224
    1.500000      -1.0639813795256199      -1.0639855719506484      -1.0639855719507914      -1.0639981496215447      -1.0639981496214963      -1.0639855560472777      -1.0639855560473006      -1.0639980860011342      -1.0639980860010811      -1.0639899683216425      -1.0639899683207412      -1.0640157374688051      -1.0640157374686927
    1.600000      -1.0519268778331574      -1.0519312083268946      -1.0519312083270591      -1.0519442002321684      -1.0519442002321131      -1.0519311915883685      -1.0519311915883840      -1.0519441332705430      -1.0519441332704855      -1.0519358147721061      -1.0519358147717643      -1.0519626291431972      -1.0519626291430988
    1.700000      -1.0414798171538062      -1.0414842488588305      -1.0414842488590241      -1.0414975444229442      -1.0414975444228820      -1.0414842315353487      -1.0414842315353692      -1.0414974751210058      -1.0414974751209494      -1.0414889159758021      -1.0414889159764660      -1.0415162168919903      -1.0415162168919241
    1.800000      -1.0326178626547948      -1.0326223621142270      -1.0326223621145334      -1.0326358609594677      -1.0326358609594157      -1.0326223444355338      -1.0326223444355556      -1.0326357902358820      -1.0326357902358345      -1.0326269382313091      -1.0326269382313109      -1.0326541703153538      -1.0326541703153054
    1.900000      -1.0252502042558229      -1.0252547431795784      -1.0252547431799355      -1.0252683604351833      -1.0252683604351367      -1.0252547253365389      -1.0252547253365594      -1.0252682890537619      -1.0252682890537219      -1.0252590929602583      -1.0252590929602425      -1.0252857652440186      -1.0252857652439418
    2.000000      -1.0192392701200963      -1.0192438263729577      -1.0192438263732495      -1.0192574956298410      -1.0192574956297900      -1.0192438085076978      -1.0192438085077182      -1.0192574241596373      -1.0192574241596097      -1.0192478453172200      -1.0192478453171954      -1.0192735776988393      -1.0192735776987614
    2.100000      -1.0144197641477859      -1.0144243218708411      -1.0144243218725759      -1.0144379955343141      -1.0144379955343512      -1.0144243040779866      -1.0144243040780081      -1.0144379243461761      -1.0144379243461503      -1.0144279435251946      -1.0144279435251724      -1.0144524887831212      -1.0144524887830386
    2.200000      -1.0106154607803024      -1.0106200097594862      -1.0106200097597189      -1.0106336572070718      -1.0106336572069985      -1.0106199920847692      -1.0106199920847985      -1.0106335864985179      -1.0106335864992693      -1.0106232051724660      -1.0106232051724433      -1.0106464455714275      -1.0106464455713537
    2.300000      -1.0076531319114246      -1.0076576665513783      -1.0076576665535351      -1.0076712709720039      -1.0076712709723072      -1.0076576490172899      -1.0076576490173836      -1.0076712008139965      -1.0076712008142339      -1.0076604380029959      -1.0076604380029781      -1.0076823633071677      -1.0076823633070926
    2.400000      -1.0053727713037410      -1.0053772893900244      -1.0053772893902593      -1.0053908441578878      -1.0053908441578390      -1.0053772719861096      -1.0053772719861296      -1.0053907745324993      -1.0053907745333952      -1.0053796613949804      -1.0053796613949573      -1.0054003383611467      -1.0054003383610757
    2.500000      -1.0036337739811905      -1.0036382755924329      -1.0036382755917770      -1.0036517809304357      -1.0036517809303949      -1.0036382583065646      -1.0036382583061414      -1.0036517117781161      -1.0036517117780952      -1.0036402859520277      -1.0036402859520044      -1.0036598280708455      -1.0036598280707800
    2.600000      -1.0023174496085978      -1.0023219361872462      -1.0023219361876283      -1.0023353964220980      -1.0023353964226149      -1.0023219190017518      -1.0023219190015762      -1.0023353276620228      -1.0023353276621523      -1.0023236286199333      -1.0023236286200035      -1.0023421712978540      -1.0023421712978393
    2.700000      -1.0013267644760147      -1.0013312381572443      -1.0013312381568136      -1.0013446596960569      -1.0013446596960169      -1.0013312210456027      -1.0013312210452672      -1.0013445912409340      -1.0013445912409220      -1.0013326570760734      -1.0013326570760532      -1.0013503399643473      -1.0013503399642967
    2.800000      -1.0005843574189908      -1.0005888205794014      -1.0005888205796758      -1.0006022105504193      -1.0006022105507744      -1.0005888035259909      -1.0005888035258885      -1.0006021423226705      -1.0006021423228211      -1.0005900078900396      -1.0005900078901617      -1.0006069638287776      -1.0006069638288262
    2.900000      -1.0000297359128754      -1.0000341908792028      -1.0000341908791468      -1.0000475562645061      -1.0000475562644640      -1.0000341738625498      -1.0000341738623535      -1.0000474881896513      -1.0000474881896322      -1.0000351842683679      -1.0000351842683604      -1.0000515333503588      -1.0000515333503215
    3.000000      -0.9996162916747640      -0.9996207405672308      -0.9996207405673203      -0.9996340877269410      -0.9996340877269310      -0.9996207235731958      -0.9996207235730981      -0.9996340197423592      -0.9996340197412108      -0.9996215728788964      -0.9996215728789073      -0.9996374200332885      -0.9996374200332694
    3.100000      -0.9993085116180415      -0.9993129562714386      -0.9993129562715547      -0.9993262907098893      -0.9993262907098986      -0.9993129392860666      -0.9993129392860792      -0.9993262227600582      -0.9993262227596381      -0.9993136554970464      -0.9993136554970589      -0.9993290902527349      -0.9993290902527193
    3.200000      -0.9990795598637771      -0.9990840018057924      -0.9990840018058239      -0.9990973281060532      -0.9990973281060774      -0.9990839848171421      -0.9990839848171574      -0.9990972601433844      -0.9990972601432083      -0.9990845914373273      -0.9990845914373309      -0.9990996889035454      -0.9990996889035287
    3.300000      -0.9989092802108929      -0.9989137206727609      -0.9989137206727693      -0.9989270425289997      -0.9989270425290092      -0.9989137036709385      -0.9989137036709393      -0.9989269745137040      -0.9989269745133317      -0.9989142202122324      -0.9989142202122466      -0.9989290426362097      -0.9989290426362004
    3.400000      -0.9987825994479358      -0.9987870393935925      -0.9987870393934701      -0.9988003596979402      -0.9988003596979083      -0.9987870223704285      -0.9987870223704156      -0.9988002915967298      -0.9988002915974905      -0.9987874649052784      -0.9987874649052726      -0.9988020634158967      -0.9988020634158743
    3.500000      -0.9986882806013248      -0.9986927207644868      -0.9986927207643491      -0.9987060417194639      -0.9987060417194290      -0.9986927037131142      -0.9986927037137553      -0.9987059735090141      -0.9987059735084648      -0.9986930854077473      -0.9986930854079036      -0.9987075017247690      -0.9987075017247490
    3.600000      -0.9986179656218854      -0.9986224065462339      -0.9986224065460416      -0.9986357297828392      -0.9986357297828126      -0.9986223894627948      -0.9986223894633950      -0.9986356614432712      -0.9986356614437051      -0.9986227210568452      -0.9986227210569822      -0.9986369890524323      -0.9986369890524172
    3.700000      -0.9985654487790272      -0.9985698908553746      -0.9985698908551890      -0.9985832175456468      -0.9985832175456253      -0.9985698737369455      -0.9985698737374951      -0.9985831490659174      -0.9985831490662100      -0.9985701639643274      -0.9985701639644569      -0.9985843110335031      -0.9985843110334878
    3.800000      -0.9985261292192616      -0.9985305727185579      -0.9985305727183255      -0.9985439036755889      -0.9985439036755638      -0.9985305555635459      -0.9985305555640248      -0.9985438350495425      -0.9985438350499761      -0.9985308115087198      -0.9985308115088477      -0.9985448597392005      -0.9985448597391878
    3.900000      -0.9984966002043550      -0.9985010453066770      -0.9985010453064659      -0.9985143810693048      -0.9985143810692839      -0.9985010281147774      -0.9985010281151997      -0.9985143122955668      -0.9985143122960157      -0.9985012555119294      -0.9985012555120473      -0.9985152226665289      -0.9985152226665149
    4.000000      -0.9984743415693157      -0.9984787883847658      -0.9984787883845697      -0.9984921292864560      -0.9984921292853138      -0.9984787711567583      -0.9984787711568547      -0.9984920603677109      -0.9984920603679869      -0.9984789746388892      -0.9984789746389965      -0.9984928749716210      -0.9984928749716077
    4.100000      -0.9984574898194407      -0.9984619384092281      -0.9984619384090418      -0.9984752846322464      -0.9984752846312419      -0.9984619211462977      -0.9984619211464414      -0.9984752155740857      -0.9984752155744030      -0.9984621044522541      -0.9984621044522195      -0.9984759493817517      -0.9984759493817441
    4.200000      -0.9984446666731438      -0.9984491170613389      -0.9984491170611555      -0.9984624686780029      -0.9984624686771267      -0.9984490997654710      -0.9984490997656171      -0.9984623994882159      -0.9984623994885661      -0.9984492659101841      -0.9984492659101699      -0.9984630645734264      -0.9984630645734195
    4.300000      -0.9984348516519039      -0.9984393038361150      -0.9984393038359212      -0.9984526608385360      -0.9984526608393760      -0.9984392865096494      -0.9984392865098723      -0.9984525915271143      -0.9984525915275719      -0.9984394379257147      -0.9984394379256996      -0.9984531976320710      -0.9984531976320603
    4.400000      -0.9984272878760313      -0.9984317418343517      -0.9984317418346261      -0.9984451041601649      -0.9984451041594852      -0.9984317244803068      -0.9984317244803714      -0.9984450347358881      -0.9984450347362096      -0.9984318631344421      -0.9984318631344243      -0.9984455897373924      -0.9984455897373833
    4.500000      -0.9984214127859722      -0.9984258684835968      -0.9984258684838628      -0.9984392360260993      -0.9984392360253110      -0.9984258511039680      -0.9984258511040759      -0.9984391664997286      -0.9984391664998725      -0.9984259785930721      -0.9984259785930570      -0.9984396767933240      -0.9984396767933102
    4.600000      -0.9984168074181742      -0.9984212648097331      -0.9984212648099798      -0.9984346374328420      -0.9984346374320886      -0.9984212474069957      -0.9984212474071327      -0.9984345678142511      -0.9984345678142935      -0.9984213650362234      -0.9984213650362074      -0.9984350386275901      -0.9984350386275799
    4.700000      -0.9984131593342694      -0.9984176183668919      -0.9984176183670720      -0.9984309959117589      -0.9984309959113863      -0.9984176009434281      -0.9984176009435276      -0.9984309262105074      -0.9984309262105494      -0.9984177097895633      -0.9984177097895609      -0.9984313618569208      -0.9984313618569115
    4.800000      -0.9984102354749286      -0.9984146960897976      -0.9984146960900281      -0.9984280783807248      -0.9984280783799740      -0.9984146786479603      -0.9984146786481717      -0.9984280086060265      -0.9984280086059903      -0.9984147796103086      -0.9984147796102961      -0.9984284126870623      -0.9984284126870550
    4.900000      -0.9984078621580239      -0.9984123242924996      -0.9984123242926650      -0.9984257111409600      -0.9984257111408334      -0.9984123068343527      -0.9984123068343997      -0.9984256413008503      -0.9984256413008186      -0.9984124006740047      -0.9984124006739887      -0.9984260168659382      -0.9984260168659327
    5.000000      -0.9984059102013456      -0.9984103737895300      -0.9984103737896408      -0.9984237649978431      -0.9984237649975911      -0.9984103563167535      -0.9984103563169195      -0.9984236950995884      -0.9984236950995433      -0.9984104436880266      -0.9984104436880215      -0.9984240447689703      -0.9984240447689650
