# molecule         = H2
# geometry         = H 0 0 0; H 0 0 {R:.6f}
# basis            = sadlej
# basis_source     = sadlej.gbs
# lambda           = 0.010000
# omega            = 0.468700
# mode_dir         = [0.0, 0.0, 1.0]
# scheme           = axial
# offdiag          = none
# method           = QED-FCI
# nboson_max       = 8
# n_fock_states    = 9
# ff_step_h        = 0.001
# n_field_points   = 9
# fci_tol          = 1e-11
# fci_max_cycle    = 300
# scf_conv_tol     = 1e-12
# center_geometry  = True
# frozen_core_orbitals = 0
# coherent_state   = True
# z_selfconsistent_iter = 0
# R_range_Ang      = 0.4:0.1:5.0
# R_e_ref_Ang      = 0.7414
# pyscf            = 2.11.0
# python           = 3.13.12
# host             = fedora
# date             = 2026-08-17 21:41:31
# columns          = R,fci[0],fci[+z],fci[-z],fci[+2z],fci[-2z],fci[+x],fci[-x],fci[+2x],fci[-2x]
    0.500000      -1.0703052174004200      -1.0703072138084260      -1.0703072138085872      -1.0703132033414466      -1.0703132033417220      -1.0703066704800734      -1.0703066704801640      -1.0703110298847311      -1.0703110298847787
    0.600000      -1.1331522769555982      -1.1331547485016238      -1.1331547485017730      -1.1331621634140021      -1.1331621634140625      -1.1331540146940464      -1.1331540146940691      -1.1331592279996336      -1.1331592279996279
    0.700000      -1.1571994219573267      -1.1572024523062905      -1.1572024523065538      -1.1572115437125152      -1.1572115437124562      -1.1572014647050364      -1.1572014647050830      -1.1572075930679340      -1.1572075930679344
    0.800000      -1.1608589110741496      -1.1608625785847333      -1.1608625785852529      -1.1608735815857223      -1.1608735815858751      -1.1608612697858467      -1.1608612697859382      -1.1608683460761442      -1.1608683460761453
    0.900000      -1.1536882178730885      -1.1536925910574976      -1.1536925910584075      -1.1537057112147582      -1.1537057112147526      -1.1536908944081028      -1.1536908944082664      -1.1536989242039604      -1.1536989242039504
    1.000000      -1.1409320023174256      -1.1409371335709850      -1.1409371335708092      -1.1409525280977024      -1.1409525280976953      -1.1409349899482586      -1.1409349899485517      -1.1409439530681249      -1.1409439530681142
    1.100000      -1.1255983210809730      -1.1256042388144984      -1.1256042388142058      -1.1256219929928386      -1.1256219929928148      -1.1256016050698439      -1.1256016050698450      -1.1256114572983127      -1.1256114572982980
    1.200000      -1.1094698560836380      -1.1094765561914532      -1.1094765561911024      -1.1094966577709715      -1.1094966577709373      -1.1094734144226104      -1.1094734144226286      -1.1094840897362830      -1.1094840897362652
    1.300000      -1.0936261537525609      -1.0936335920023446      -1.0936335920024609      -1.0936559083816437      -1.0936559083816064      -1.0936299581228548      -1.0936299581228694      -1.0936413715642619      -1.0936413715642423
    1.400000      -1.0787237773318492      -1.0787318649280995      -1.0787318649282760      -1.0787561298479966      -1.0787561298479291      -1.0787277943704154      -1.0787277943704436      -1.0787398458488420      -1.0787398458488098
    1.500000      -1.0651493734450654      -1.0651579781990681      -1.0651579781984100      -1.0651837952419583      -1.0651837952418737      -1.0651535664373872      -1.0651535664374174      -1.0651661458058883      -1.0651661458058497
    1.600000      -1.0531063261203675      -1.0531152809106943      -1.0531152809100195      -1.0531421488617843      -1.0531421488616981      -1.0531106571194246      -1.0531106571194584      -1.0531236505372805      -1.0531236505372401
    1.700000      -1.0426676030376902      -1.0426767214593262      -1.0426767214595514      -1.0427040812057067      -1.0427040812056392      -1.0426720352269183      -1.0426720352269596      -1.0426853322411014      -1.0426853322410508
    1.800000      -1.0338112988316333      -1.0338203954926803      -1.0338203954929335      -1.0338476908738583      -1.0338476908737730      -1.0338157987798198      -1.0338157987798597      -1.0338292990921856      -1.0338292990921421
    1.900000      -1.0264470869820717      -1.0264559978956738      -1.0264559978959513      -1.0264827368558753      -1.0264827368557705      -1.0264516264076340      -1.0264516264076935      -1.0264652451689968      -1.0264652451689620
    2.000000      -1.0204378927973539      -1.0204464909057935      -1.0204464909062290      -1.0204722920720102      -1.0204722920718916      -1.0204424495545308      -1.0204424495546014      -1.0204561203208706      -1.0204561203208422
    2.100000      -1.0156188897634708      -1.0156270923152053      -1.0156270923156852      -1.0156517071700792      -1.0156517071699538      -1.0156234479622852      -1.0156234479623700      -1.0156371230612433      -1.0156371230612189
    2.200000      -1.0118142623859323      -1.0118220298400351      -1.0118220298403591      -1.0118453394822056      -1.0118453394820592      -1.0118188117895004      -1.0118188117895934      -1.0118324605071825      -1.0118324605081130
    2.300000      -1.0088511154774960      -1.0088584441972850      -1.0088584441982211      -1.0088804374645444      -1.0088804374645182      -1.0088556504540371      -1.0088556504541559      -1.0088692558853110      -1.0088692558854859
    2.400000      -1.0065696947242637      -1.0065766068095801      -1.0065766068098907      -1.0065973498143119      -1.0065973498141594      -1.0065742130389659      -1.0065742130390656      -1.0065877684884792      -1.0065877684889724
    2.500000      -1.0048295726673129      -1.0048361058714343      -1.0048361058734705      -1.0048557117420325      -1.0048557117426025      -1.0048340743854871      -1.0048340743855031      -1.0048475800232659      -1.0048475800241625
    2.600000      -1.0035121742353803      -1.0035183736672324      -1.0035183736675155      -1.0035369776714873      -1.0035369776713188      -1.0035166607759236      -1.0035166607769577      -1.0035301209002245      -1.0035301209002163
    2.700000      -1.0025205326123816      -1.0025264448454818      -1.0025264448460067      -1.0025441866810931      -1.0025441866810894      -1.0025250061173017      -1.0025250061182960      -1.0025384271265287      -1.0025384271265854
    2.800000      -1.0017773184451941      -1.0017829878077920      -1.0017829878082798      -1.0018000004752341      -1.0018000004752281      -1.0017817812885141      -1.0017817812894034      -1.0017951703089940      -1.0017951703090713
    2.900000      -1.0012220469574025      -1.0012275135466600      -1.0012275135469564      -1.0012439173699914      -1.0012439173698531      -1.0012265014695485      -1.0012265014702615      -1.0012398654923014      -1.0012398654923269
    3.000000      -1.0008081023759783      -1.0008134012400673      -1.0008134012403573      -1.0008293014120462      -1.0008293014119078      -1.0008125506796597      -1.0008125506802705      -1.0008258960735823      -1.0008258960726637
    3.100000      -1.0004999553973219      -1.0005051164526162      -1.0005051164528562      -1.0005206027715363      -1.0005206027713636      -1.0005043993308418      -1.0005043993313463      -1.0005177316103990      -1.0005177316096892
    3.200000      -1.0002707499379087      -1.0002757982899744      -1.0002757982902137      -1.0002909461230360      -1.0002909461228588      -1.0002751910322649      -1.0002751910327095      -1.0002885147904572      -1.0002885147900935
    3.300000      -1.0001003088600955      -1.0001052653206179      -1.0001052653208626      -1.0001201371508279      -1.0001201371506592      -1.0001047483498313      -1.0001047483502465      -1.0001180672905221      -1.0001180672904555
    3.400000      -0.9999735393798990      -0.9999784210465821      -0.9999784210468110      -0.9999930682111355      -0.9999930682109490      -0.9999779782321956      -0.9999779782325955      -0.9999912952576313      -0.9999912952575476
    3.500000      -0.9998791875001548      -0.9998840083260104      -0.9998840083262402      -0.9998984727234735      -0.9998984727232906      -0.9998836264528411      -0.9998836264532339      -0.9998969437760016      -0.9998969437764685
    3.600000      -0.9998088811841184      -0.9998136524983188      -0.9998136524985410      -0.9998279681511353      -0.9998279681509556      -0.9998133207849027      -0.9998133207852935      -0.9998266400498141      -0.9998266400501756
    3.700000      -0.9997564037355446      -0.9997611347006412      -0.9997611347008653      -0.9997753291269815      -0.9997753291268061      -0.9997608443797354      -0.9997608443801356      -0.9997741667725539      -0.9997741667728459
    3.800000      -0.9997171460304218      -0.9997218440331203      -0.9997218440333387      -0.9997359394195159      -0.9997359394193478      -0.9997215879942430      -0.9997215879946338      -0.9997349143437898      -0.9997349143440336
    3.900000      -0.9996876952676491      -0.9996923662471492      -0.9996923662473681      -0.9997063804339555      -0.9997063804337888      -0.9996921387363759      -0.9996921387367580      -0.9997054695987070      -0.9997054695989355
    4.000000      -0.9996655268993143      -0.9996701756205338      -0.9996701756207526      -0.9996841229210039      -0.9996841229208474      -0.9996699719904848      -0.9996699719908534      -0.9996833077173962      -0.9996833077176300
    4.100000      -0.9996487742527016      -0.9996534045306007      -0.9996534045308163      -0.9996672964072468      -0.9996672964070983      -0.9996532210330213      -0.9996532210333817      -0.9996665618257907      -0.9996665618260381
    4.200000      -0.9996360566689059      -0.9996406715548291      -0.9996406715550411      -0.9996545171757664      -0.9996545171756238      -0.9996405051688707      -0.9996405051692151      -0.9996538511191065      -0.9996538511193706
    4.300000      -0.9996263518019368      -0.9996309537353358      -0.9996309537355488      -0.9996447604308327      -0.9996447604307042      -0.9996308020255498      -0.9996308020258811      -0.9996441531453484      -0.9996441531456091
    4.400000      -0.9996189012140361      -0.9996234921469428      -0.9996234921471593      -0.9996372657832037      -0.9996372657830820      -0.9996233531460662      -0.9996233531463864      -0.9996367093898303      -0.9996367093900597
    4.500000      -0.9996131409782331      -0.9996177224768813      -0.9996177224771025      -0.9996314677610422      -0.9996314677609296      -0.9996175945893789      -0.9996175945896776      -0.9996309558692577      -0.9996309558694213
    4.600000      -0.9996086508946810      -0.9996132242218928      -0.9996132242221062      -0.9996269449495431      -0.9996269449494452      -0.9996131061451524      -0.9996131061454342      -0.9996264723418505      -0.9996264723419389
    4.700000      -0.9996051173999868      -0.9996096835815443      -0.9996096835817611      -0.9996233828360169      -0.9996233828359277      -0.9996095742420782      -0.9996095742423360      -0.9996229452125219      -0.9996229452125432
    4.800000      -0.9996023064236926      -0.9996068663011545      -0.9996068663013745      -0.9996205466121647      -0.9996205466120843      -0.9996067648036177      -0.9996067648038619      -0.9996201403865347      -0.9996201403865047
    4.900000      -0.9996000433981607      -0.9996045976703873      -0.9996045976706061      -0.9996182611387046      -0.9996182611386222      -0.9996045032574987      -0.9996045032577183      -0.9996178832776856      -0.9996178832776139
    5.000000      -0.9995981983934179      -0.9996027476486402      -0.9996027476478704      -0.9996163960425144      -0.9996163960424465      -0.9996026596702703      -0.9996026596704737      -0.9996160439421118      -0.9996160439420072
