# molecule         = H2
# geometry         = H 0 0 0; H 0 0 {R:.6f}
# basis            = sadlej
# basis_source     = sadlej.gbs
# lambda           = 0.100000
# omega            = 0.468700
# mode_dir         = [0.0, 0.0, 1.0]
# scheme           = axial
# offdiag          = none
# method           = QED-FCI
# nboson_max       = 8
# n_fock_states    = 9
# ff_step_h        = 0.001
# n_field_points   = 9
# fci_tol          = 1e-11
# fci_max_cycle    = 300
# scf_conv_tol     = 1e-12
# center_geometry  = True
# frozen_core_orbitals = 0
# coherent_state   = True
# z_selfconsistent_iter = 0
# R_range_Ang      = 0.4:0.1:5.0
# R_e_ref_Ang      = 0.7414
# pyscf            = 2.11.0
# python           = 3.13.12
# host             = fedora
# date             = 2026-08-17 21:43:44
# columns          = R,fci[0],fci[+z],fci[-z],fci[+2z],fci[-2z],fci[+x],fci[-x],fci[+2x],fci[-2x]
    0.500000      -1.0662577451710031      -1.0662597096364406      -1.0662597096365125      -1.0662656032621645      -1.0662656032619757      -1.0662591882204537      -1.0662591882204098      -1.0662635174648625      -1.0662635174648407
    0.600000      -1.1288376292842897      -1.1288400657217583      -1.1288400657219981      -1.1288473752978530      -1.1288473752978183      -1.1288393548596909      -1.1288393548598450      -1.1288445316782465      -1.1288445316782034
    0.700000      -1.1526174885896041      -1.1526204802697606      -1.1526204802700879      -1.1526294556516921      -1.1526294556520451      -1.1526195172120044      -1.1526195172121643      -1.1526256031958995      -1.1526256031958027
    0.800000      -1.1560225866585081      -1.1560262113620814      -1.1560262113626336      -1.1560370859214339      -1.1560370859214222      -1.1560249293901184      -1.1560249293904119      -1.1560319577363374      -1.1560319577361831
    0.900000      -1.1486192256870995      -1.1486235509943905      -1.1486235509940106      -1.1486365274914945      -1.1486365274914350      -1.1486218844068137      -1.1486218844072984      -1.1486298607523522      -1.1486298607526255
    1.000000      -1.1356579795637489      -1.1356630563602570      -1.1356630563603831      -1.1356782874870790      -1.1356782874869902      -1.1356609474452308      -1.1356609474451367      -1.1356698513076608      -1.1356698513080770
    1.100000      -1.1201509207547726      -1.1201567751638692      -1.1201567751640515      -1.1201743393385231      -1.1201743393383627      -1.1201541828398773      -1.1201541828397394      -1.1201639693486729      -1.1201639693486423
    1.200000      -1.1038835796995152      -1.1038902044181991      -1.1038902044184771      -1.1039100797988382      -1.1039100797983830      -1.1038871136699688      -1.1038871136697641      -1.1038977158683938      -1.1038977158683481
    1.300000      -1.0879374095860204      -1.0879447563319382      -1.0879447563324391      -1.0879667981680998      -1.0879667981678103      -1.0879411867629951      -1.0879411867626647      -1.0879525186134313      -1.0879525186133407
    1.400000      -1.0729697116499388      -1.0729776871057117      -1.0729776871054992      -1.0730016155691231      -1.0730016155690643      -1.0729736983152762      -1.0729736983157903      -1.0729856586611990      -1.0729856586610416
    1.500000      -1.0593663176854433      -1.0593747854409530      -1.0593747854404436      -1.0594001914532578      -1.0594001914530486      -1.0593704768358922      -1.0593704768367795      -1.0593829546690836      -1.0593829546688514
    1.600000      -1.0473279641300606      -1.0473367542357488      -1.0473367542360159      -1.0473631280847011      -1.0473631280842730      -1.0473322576680959      -1.0473322576682567      -1.0473451386868848      -1.0473451386865846
    1.700000      -1.0369231056473818      -1.0369320313544685      -1.0369320313549251      -1.0369588128809522      -1.0369588128817271      -1.0369274967893687      -1.0369274967896653      -1.0369406706423407      -1.0369406706420170
    1.800000      -1.0281237404097610      -1.0281326191446221      -1.0281326191453584      -1.0281592606249479      -1.0281592606248187      -1.0281281959668385      -1.0281281959673447      -1.0281415630825319      -1.0281415630821993
    1.900000      -1.0208324615615205      -1.0208411352221538      -1.0208411352215476      -1.0208671622391643      -1.0208671622389831      -1.0208369536778992      -1.0208369536786281      -1.0208504304943125      -1.0208504304939583
    2.000000      -1.0149049521252689      -1.0149133017026752      -1.0149133017018974      -1.0149383570172439      -1.0149383570170143      -1.0149094592106018      -1.0149094592115282      -1.0149229809453915      -1.0149229809448903
    2.100000      -1.0101698284239673      -1.0101777799785085      -1.0101777799779446      -1.0102016415024098      -1.0102016415021544      -1.0101743351863981      -1.0101743351875110      -1.0101878559531641      -1.0101878559528146
    2.200000      -1.0064460496486818      -1.0064535718153427      -1.0064535718157135      -1.0064761451922710      -1.0064761451919542      -1.0064505464061895      -1.0064505464059383      -1.0064640371667384      -1.0064640371663716
    2.300000      -1.0035571296544914      -1.0035642253630341      -1.0035642253633759      -1.0035855191476413      -1.0035855191472502      -1.0035616112401395      -1.0035616112404004      -1.0035750564857180      -1.0035750564853643
    2.400000      -1.0013413127258985      -1.0013480086128843      -1.0013480086136828      -1.0013681025422632      -1.0013681025419348      -1.0013457772601357      -1.0013457772608370      -1.0013591713444032      -1.0013591713440293
    2.500000      -0.9996574759049672      -0.9996638122729882      -0.9996638122733801      -0.9996828271549028      -0.9996828271543983      -0.9996619236740814      -0.9996619236746982      -0.9996752674666740      -0.9996752674662457
    2.600000      -0.9983872742155788      -0.9983932970970206      -0.9983932971002212      -0.9984113709692177      -0.9984113709712701      -0.9983917067992598      -0.9983917067999470      -0.9984050050006132      -0.9984050050004765
    2.700000      -0.9974345319229703      -0.9974402875960473      -0.9974402875970463      -0.9974575592970174      -0.9974575592979960      -0.9974389514938684      -0.9974389514951889      -0.9974522106775501      -0.9974522106773287
    2.800000      -0.9967229809975238      -0.9967285127270367      -0.9967285127277321      -0.9967451120686310      -0.9967451120694655      -0.9967273899450015      -0.9967273899449676      -0.9967406172529114      -0.9967406172531141
    2.900000      -0.9961932666246678      -0.9961986130027294      -0.9961986130033740      -0.9962146557997242      -0.9962146558005807      -0.9961976672512485      -0.9961976672511879      -0.9962108695931202      -0.9962108695933289
    3.000000      -0.9957998483031234      -0.9958050426851106      -0.9958050426857845      -0.9958206290509264      -0.9958206290518610      -0.9958042426865636      -0.9958042426864941      -0.9958174262950577      -0.9958174262948825
    3.100000      -0.9955081533397160      -0.9955132239247960      -0.9955132239255379      -0.9955284385080553      -0.9955284385079334      -0.9955125432660917      -0.9955125432660309      -0.9955257134992416      -0.9955257134988004
    3.200000      -0.9952921397799567      -0.9952971100330948      -0.9952971100338904      -0.9953120232764833      -0.9953120232763421      -0.9952965267285093      -0.9952965267284762      -0.9953096880242943      -0.9953096880236839
    3.300000      -0.9951323028246174      -0.9951371920455071      -0.9951371920463582      -0.9951518618941227      -0.9951518618939582      -0.9951366879830862      -0.9951366879831115      -0.9951498439052896      -0.9951498439045746
    3.400000      -0.9950140939754417      -0.9950189179003444      -0.9950189179012379      -0.9950333916036034      -0.9950333916034140      -0.9950184782720854      -0.9950184782721794      -0.9950316316048613      -0.9950316316040844
    3.500000      -0.9949266944975012      -0.9949314658703398      -0.9949314658712808      -0.9949457816967341      -0.9949457816965134      -0.9949310786389612      -0.9949310786391111      -0.9949442315022939      -0.9949442315014857
    3.600000      -0.9948620781238280      -0.9948668072087143      -0.9948668072096760      -0.9948809959849052      -0.9948809959846627      -0.9948664626341082      -0.9948664626342925      -0.9948796166022917      -0.9948796166015155
    3.700000      -0.9948143019466373      -0.9948189969725751      -0.9948189969735544      -0.9948330834171784      -0.9948330834169059      -0.9948186872042468      -0.9948186872044609      -0.9948318434165293      -0.9948318434158967
    3.800000      -0.9947789731418942      -0.9947836406825744      -0.9947836406835381      -0.9947976445363061      -0.9947976445359806      -0.9947833594153376      -0.9947833594155485      -0.9947965186731033      -0.9947965186728037
    3.900000      -0.9947528491813634      -0.9947574944655709      -0.9947574944665071      -0.9947714314352406      -0.9947714314348638      -0.9947572366522851      -0.9947572366525123      -0.9947703995004372      -0.9947703995004867
    4.000000      -0.9947335386490391      -0.9947381658223139      -0.9947381658231967      -0.9947520483618689      -0.9947520483614564      -0.9947379274354419      -0.9947379274343792      -0.9947510942274863      -0.9947510942266297
    4.100000      -0.9947192778060185      -0.9947238901445119      -0.9947238901453117      -0.9947377280976297      -0.9947377280971583      -0.9947236679791138      -0.9947236679781526      -0.9947368389295095      -0.9947368389287028
    4.200000      -0.9947087643247529      -0.9947133644098100      -0.9947133644105152      -0.9947271655365985      -0.9947271655360709      -0.9947131559210086      -0.9947131559201831      -0.9947263311428091      -0.9947263311420521
    4.300000      -0.9947010342707898      -0.9947056241356762      -0.9947056241362526      -0.9947193945431376      -0.9947193945425390      -0.9947054273047335      -0.9947054273040432      -0.9947186068382954      -0.9947186068376106
    4.400000      -0.9946953717708557      -0.9946999530142223      -0.9946999530146589      -0.9947136975071055      -0.9947136975064449      -0.9946997662385267      -0.9946997662379945      -0.9947129500719732      -0.9947129500713642
    4.500000      -0.9946912431939262      -0.9946958170757206      -0.9946958170760026      -0.9947095394411508      -0.9947095394404283      -0.9946956390787344      -0.9946956390783582      -0.9947088271622576      -0.9947088271617651
    4.600000      -0.9946882495069423      -0.9946928170247861      -0.9946928170249046      -0.9947065202617479      -0.9947065202609459      -0.9946926467829446      -0.9946926467827401      -0.9947058390386888      -0.9947058390383233
    4.700000      -0.9946860918641830      -0.9946906538143815      -0.9946906538143349      -0.9947043403169485      -0.9947043403160688      -0.9946904904983650      -0.9946904904983304      -0.9947036868272602      -0.9947036868270182
    4.800000      -0.9946845466583832      -0.9946891036841282      -0.9946891036839119      -0.9947027753860255      -0.9947027753850451      -0.9946889466122421      -0.9946889466123942      -0.9947021468987173      -0.9947021468985909
    4.900000      -0.9946834472314203      -0.9946879998601117      -0.9946879998597244      -0.9947016583469916      -0.9947016583479775      -0.9946878484621255      -0.9946878484624593      -0.9947010525775903      -0.9947010525775339
    5.000000      -0.9946826702356308      -0.9946872189074045      -0.9946872189068543      -0.9947008655025067      -0.9947008655036111      -0.9946870726969343      -0.9946870726974653      -0.9947002805025036      -0.9947002805024654
