# molecule         = H2
# geometry         = H 0 0 0; H 0 0 {R:.6f}
# basis            = sadlej
# basis_source     = sadlej.gbs
# lambda           = 0.025000
# omega            = 0.468700
# mode_dir         = [0.0, 0.0, 1.0]
# scheme           = axial
# offdiag          = none
# method           = QED-FCI
# nboson_max       = 8
# n_fock_states    = 9
# ff_step_h        = 0.001
# n_field_points   = 9
# fci_tol          = 1e-11
# fci_max_cycle    = 300
# scf_conv_tol     = 1e-12
# center_geometry  = True
# frozen_core_orbitals = 0
# coherent_state   = True
# z_selfconsistent_iter = 0
# R_range_Ang      = 0.4:0.1:5.0
# R_e_ref_Ang      = 0.7414
# pyscf            = 2.11.0
# python           = 3.13.12
# host             = fedora
# date             = 2026-08-17 21:42:13
# columns          = R,mu_abs,mu_x,mu_y,mu_z,a_xx,a_yy,a_zz,a_xz,a_iso,err_xx,err_yy,err_zz,dse_mu_z,dse_a_xx,dse_a_yy,dse_a_zz,dse_a_iso,boson_gap,status
#             R         mu_abs           mu_x           mu_y           mu_z           a_xx           a_yy           a_zz           a_xz          a_iso         err_xx         err_yy         err_zz       dse_mu_z       dse_a_xx       dse_a_yy       dse_a_zz      dse_a_iso      boson_gap         status
     0.400000  FAILED  # быстрая свёртка расходится с эталонной
     0.500000       0.000000       0.000000       0.000000      -0.000000       2.905171       2.905171       3.989367       0.000000       3.266570       0.000010       0.000010       0.000081      -0.000000       2.902117       2.902117       3.968194       3.257476            nan  OK
     0.600000       0.000000       0.000000       0.000000      -0.000000       3.474164       3.474164       4.939195       0.000000       3.962508       0.000039       0.000039       0.000131       0.000000       3.470079       3.470079       4.909953       3.950037            nan  OK
     0.700000       0.000000      -0.000000       0.000000      -0.000000       4.083958       4.083958       6.056386       0.000000       4.741434       0.000061       0.000061       0.000180       0.000000       4.078662       4.078662       6.016099       4.724475            nan  OK
     0.800000       0.000000      -0.000000       0.000000      -0.000000       4.715687       4.715687       7.330241       0.000000       5.587205       0.000077       0.000077       0.000233      -0.000000       4.709030       4.709030       7.275283       5.564447            nan  OK
     0.900000       0.000000      -0.000000       0.000000       0.000000       5.351134       5.351134       8.741013       0.000000       6.481093       0.000095       0.000095       0.000300       0.000000       5.343001       5.343001       8.667109       6.451037            nan  OK
     1.000000       0.000000      -0.000000       0.000000      -0.000000       5.973117       5.973117      10.256407       0.000000       7.400880       0.000113       0.000113       0.000382      -0.000000       5.963415       5.963415      10.158696       7.361842            nan  OK
     1.100000       0.000000      -0.000000       0.000000      -0.000000       6.565599       6.565599      11.828372       0.000000       8.319857       0.000131       0.000131       0.000488       0.000000       6.554251       6.554251      11.701625       8.270042            nan  OK
     1.200000       0.000000      -0.000000       0.000000      -0.000000       7.114033       7.114033      13.391773       0.000000       9.206613       0.000148       0.000148       0.000627       0.000000       7.100971       7.100971      13.230780       9.144241            nan  OK
     1.300000       0.000000      -0.000000       0.000000      -0.000000       7.605791       7.605791      14.866260       0.000000      10.025947       0.000165       0.000165       0.000814      -0.000000       7.590959       7.590959      14.666422       9.949447            nan  OK
     1.400000       0.000000      -0.000000       0.000000      -0.000000       8.030782       8.030782      16.162646       0.000000      10.741404       0.000181       0.000181       0.001064      -0.000000       8.014149       8.014149      15.920758      10.649685            nan  OK
     1.500000       0.000000      -0.000000       0.000000      -0.000000       8.382310       8.382310      17.194169       0.000000      11.319597       0.000196       0.000196       0.001390       0.000000       8.363887       8.363887      16.909300      11.212358            nan  OK
     1.600000       0.000000      -0.000000       0.000000       0.000000       8.657927       8.657927      17.891108       0.000000      11.735654       0.000210       0.000210       0.001789       0.000000       8.637802       8.637802      17.565391      11.613665            nan  OK
     1.700000       0.000000      -0.000000       0.000000       0.000000       8.859912       8.859912      18.215164       0.000000      11.978330       0.000223       0.000223       0.002238      -0.000000       8.838278       8.838278      17.854212      11.843589            nan  OK
     1.800000       0.000000      -0.000000       0.000000       0.000000       8.995058       8.995058      18.168715       0.000000      12.052944       0.000233       0.000233       0.002695      -0.000000       8.972226       8.972226      17.781397      11.908616            nan  OK
     1.900000       0.000000      -0.000000       0.000000      -0.000000       9.073689       9.073689      17.794928       0.000000      11.980769       0.000239       0.000239       0.003101       0.000000       9.050070       9.050070      17.392416      11.830852            nan  OK
     2.000000       0.000000      -0.000000       0.000000       0.000000       9.108076       9.108076      17.167909       0.000000      11.794687       0.000247       0.000247       0.003413       0.000000       9.084155       9.084155      16.762192      11.643500            nan  OK
     2.100000       0.000000      -0.000000       0.000000       0.000000       9.110751       9.110751      16.376390       0.000000      11.532631       0.000252       0.000252       0.003591      -0.000000       9.086997       9.086997      15.978645      11.384213            nan  OK
     2.200000       0.000000      -0.000000       0.000000      -0.000000       9.093024       9.093024      15.506740       0.000000      11.230929       0.000249       0.000249       0.003625      -0.000000       9.069844       9.069844      15.126080      11.088589            nan  OK
     2.300000       0.000000      -0.000000       0.000000       0.000000       9.064066       9.064066      14.630575       0.000000      10.919569       0.000252       0.000252       0.003541       0.000000       9.041792       9.041792      14.273423      10.785669            nan  OK
     2.400000       0.000000      -0.000000       0.000000       0.000000       9.030690       9.030690      13.799160       0.000000      10.620180       0.000252       0.000252       0.003360       0.000000       9.009528       9.009528      13.469191      10.496082            nan  OK
     2.500000       0.000000       0.000000       0.000000       0.000000       8.997455       8.997455      13.043562       0.000000      10.346157       0.000252       0.000252       0.003117       0.000000       8.977512       8.977512      12.742113      10.232379            nan  OK
     2.600000       0.000000       0.000000       0.000000      -0.000000       8.967112       8.967112      12.378319       0.000000      10.104181       0.000244       0.000244       0.002839      -0.000000       8.948399       8.948399      12.104966      10.000588            nan  OK
     2.700000       0.000000       0.000000       0.000000       0.000000       8.941029       8.941029      11.806195       0.000000       9.896084       0.000246       0.000246       0.002556       0.000000       8.923521       8.923521      11.559360       9.802134            nan  OK
     2.800000       0.000000      -0.000000       0.000000       0.000000       8.919706       8.919706      11.322620       0.000000       9.720677       0.000243       0.000243       0.002277       0.000000       8.903315       8.903315      11.100048       9.635559            nan  OK
     2.900000       0.000000      -0.000000       0.000000       0.000000       8.903040       8.903040      10.919071       0.000000       9.575050       0.000242       0.000242       0.002017      -0.000000       8.887662       8.887662      10.718218       9.497847            nan  OK
     3.000000       0.000000      -0.000000       0.000000       0.000000       8.890617       8.890617      10.585430       0.000000       9.455555       0.000240       0.000240       0.001780      -0.000000       8.876135       8.876135      10.403704       9.385325            nan  OK
     3.100000       0.000000      -0.000000       0.000000       0.000000       8.881867       8.881867      10.311426       0.000000       9.358387       0.000238       0.000238       0.001567       0.000000       8.868163       8.868163      10.146349       9.294225            nan  OK
     3.200000       0.000000      -0.000000       0.000000       0.000000       8.876173       8.876173      10.087445       0.000000       9.279931       0.000236       0.000236       0.001380      -0.000000       8.863134       8.863134       9.936737       9.221002            nan  OK
     3.300000       0.000000      -0.000000       0.000000       0.000000       8.872945       8.872945       9.904915       0.000000       9.216935       0.000234       0.000234       0.001217       0.000000       8.860466       8.860466       9.766528       9.162487            nan  OK
     3.400000       0.000000       0.000000       0.000000       0.000000       8.871647       8.871647       9.756423       0.000000       9.166572       0.000233       0.000233       0.001075       0.000000       8.859635       8.859635       9.628556       9.115942            nan  OK
     3.500000       0.000000       0.000000       0.000000       0.000000       8.871821       8.871821       9.635698       0.000000       9.126447       0.000231       0.000231       0.000954       0.000000       8.860192       8.860192       9.516783       9.079056            nan  OK
     3.600000       0.000000       0.000000       0.000000       0.000000       8.873090       8.873090       9.537510       0.000000       9.094563       0.000230       0.000230       0.000849       0.000000       8.861771       8.861771       9.426194       9.049912            nan  OK
     3.700000       0.000000       0.000000       0.000000       0.000000       8.875147       8.875147       9.457539       0.000000       9.069277       0.000229       0.000229       0.000760       0.000000       8.864076       8.864076       9.352665       9.026939            nan  OK
     3.800000       0.000000       0.000000       0.000000       0.000000       8.877755       8.877755       9.392247       0.000000       9.049253       0.000228       0.000228       0.000685       0.000000       8.866879       8.866879       9.292827       9.008862            nan  OK
     3.900000       0.000000       0.000000       0.000000       0.000000       8.880734       8.880734       9.338753       0.000000       9.033407       0.000227       0.000227       0.000620       0.000000       8.870008       8.870008       9.243948       8.994655            nan  OK
     4.000000       0.000000       0.000000       0.000000       0.000000       8.883948       8.883948       9.294716       0.000000       9.020871       0.000226       0.000226       0.000565       0.000000       8.873335       8.873335       9.203818       8.983496            nan  OK
     4.100000       0.000000       0.000000       0.000000       0.000000       8.887296       8.887296       9.258248       0.000000       9.010947       0.000225       0.000225       0.000518       0.000000       8.876766       8.876766       9.170656       8.974730            nan  OK
     4.200000       0.000000       0.000000       0.000000       0.000000       8.890705       8.890705       9.227829       0.000000       9.003080       0.000224       0.000224       0.000479      -0.000000       8.880235       8.880235       9.143039       8.967836            nan  OK
     4.300000       0.000000       0.000000       0.000000       0.000000       8.894124       8.894124       9.202242       0.000000       8.996830       0.000224       0.000224       0.000445      -0.000000       8.883692       8.883692       9.119829       8.962405            nan  OK
     4.400000       0.000000       0.000000       0.000000       0.000000       8.897512       8.897512       9.180518       0.000000       8.991848       0.000223       0.000223       0.000416      -0.000000       8.887106       8.887106       9.100127       8.958113            nan  OK
     4.500000       0.000000       0.000000       0.000000       0.000000       8.900846       8.900846       9.161892       0.000000       8.987861       0.000221       0.000221       0.000391      -0.000000       8.890450       8.890450       9.083224       8.954708            nan  OK
     4.600000       0.000000      -0.000000       0.000000      -0.000000       8.904097       8.904097       9.145757       0.000000       8.984650       0.000222       0.000222       0.000372       0.000000       8.893707       8.893707       9.068567       8.951994            nan  OK
     4.700000       0.000000      -0.000000       0.000000      -0.000000       8.907257       8.907257       9.131651       0.000000       8.982055       0.000221       0.000221       0.000353      -0.000000       8.896864       8.896864       9.055726       8.949818            nan  OK
     4.800000       0.000000      -0.000000       0.000000      -0.000000       8.910309       8.910309       9.119203       0.000000       8.979940       0.000221       0.000221       0.000339       0.000000       8.899911       8.899911       9.044371       8.948064            nan  OK
     4.900000       0.000000      -0.000000       0.000000      -0.000000       8.913246       8.913246       9.108134       0.000000       8.978209       0.000220       0.000220       0.000325      -0.000000       8.902840       8.902840       9.034247       8.946642            nan  OK
     5.000000       0.000000      -0.000000       0.000000      -0.000000       8.916061       8.916061       9.098224       0.000000       8.976782       0.000220       0.000220       0.000313      -0.000000       8.905645       8.905645       9.025160       8.945483       0.000000  OK
