# molecule         = H2
# geometry         = H 0 0 0; H 0 0 {R:.6f}
# basis            = sadlej
# basis_source     = sadlej.gbs
# lambda           = 0.000000
# omega            = 0.468700
# mode_dir         = [0.0, 0.0, 1.0]
# scheme           = axial
# offdiag          = none
# method           = QED-FCI
# nboson_max       = 8
# n_fock_states    = 9
# ff_step_h        = 0.001
# n_field_points   = 9
# fci_tol          = 1e-11
# fci_max_cycle    = 300
# scf_conv_tol     = 1e-12
# center_geometry  = True
# frozen_core_orbitals = 0
# coherent_state   = True
# z_selfconsistent_iter = 0
# R_range_Ang      = 0.4:0.1:5.0
# R_e_ref_Ang      = 0.7414
# pyscf            = 2.11.0
# python           = 3.13.12
# host             = fedora
# date             = 2026-08-17 21:40:48
# columns          = R,fci[0],fci[+z],fci[-z],fci[+2z],fci[-2z],fci[+x],fci[-x],fci[+2x],fci[-2x]
    0.500000      -1.0703463321843858      -1.0703483289713966      -1.0703483289713691      -1.0703543195125624      -1.0703543195123333      -1.0703477854105008      -1.0703477854103596      -1.0703521451245626      -1.0703521451246030
    0.600000      -1.1331961080913666      -1.1331985800047819      -1.1331985800049116      -1.1332059960231609      -1.1332059960231911      -1.1331978459531744      -1.1331978459531913      -1.1332030596325666      -1.1332030596325684
    0.700000      -1.1572459761527676      -1.1572490069065933      -1.1572490069068295      -1.1572580995303330      -1.1572580995302504      -1.1572480190439856      -1.1572480190440140      -1.1572541478401686      -1.1572541478401690
    0.800000      -1.1609080626613253      -1.1609117306209686      -1.1609117306214625      -1.1609227349692328      -1.1609227349693685      -1.1609104215360979      -1.1609104215361783      -1.1609174983156298      -1.1609174983156234
    0.900000      -1.1537397505610372      -1.1537441242474302      -1.1537441242482902      -1.1537572459105918      -1.1537572459105887      -1.1537424272775385      -1.1537424272776917      -1.1537504576177946      -1.1537504576177871
    1.000000      -1.1409856385378370      -1.1409907703615407      -1.1409907703613777      -1.1410061665990607      -1.1410061665990505      -1.1409886263694875      -1.1409886263697504      -1.1409975900918545      -1.1409975900918483
    1.100000      -1.1256537411547232      -1.1256596595499340      -1.1256596595496695      -1.1256774157136860      -1.1256774157136638      -1.1256570253659881      -1.1256570253659997      -1.1256668782618051      -1.1256668782617889
    1.200000      -1.1095267100889359      -1.1095334109824990      -1.1095334109821904      -1.1095535149196065      -1.1095535149195803      -1.1095302686751172      -1.1095302686751340      -1.1095409447305733      -1.1095409447305551
    1.300000      -1.0936840711335072      -1.0936915103345015      -1.0936915103341813      -1.0937138295676094      -1.0937138295675859      -1.0936878757796227      -1.0936878757796324      -1.0936992900485634      -1.0936992900485434
    1.400000      -1.0787823787835298      -1.0787904675428672      -1.0787904675430033      -1.0788147359522966      -1.0788147359522389      -1.0787863961302298      -1.0787863961302531      -1.0787984485332960      -1.0787984485332691
    1.500000      -1.0652082866773098      -1.0652168928497854      -1.0652168928492909      -1.0652427141497671      -1.0652427141497067      -1.0652124800128087      -1.0652124800128300      -1.0652250604125360      -1.0652250604125033
    1.600000      -1.0531652045074000      -1.0531741610031691      -1.0531741610026988      -1.0532010340702276      -1.0532010340701732      -1.0531695358877371      -1.0531695358877537      -1.0531825304489941      -1.0531825304489535
    1.700000      -1.0427261447468967      -1.0427352651659114      -1.0427352651660868      -1.0427626309038578      -1.0427626309038120      -1.0427305773549702      -1.0427305773549920      -1.0427438756246992      -1.0427438756246596
    1.800000      -1.0338692633062707      -1.0338783622294918      -1.0338783622296690      -1.0339056643978020      -1.0339056643977460      -1.0338737637082720      -1.0338737637082951      -1.0338872653819249      -1.0338872653818889
    1.900000      -1.0265043055606684      -1.0265132189440982      -1.0265132189445165      -1.0265399653114957      -1.0265399653114327      -1.0265088454727052      -1.0265088454727409      -1.0265224656887990      -1.0265224656887686
    2.000000      -1.0204942711043976      -1.0205028718053799      -1.0205028718055764      -1.0205286807526823      -1.0205286807526093      -1.0204988283715044      -1.0204988283715408      -1.0205125006696434      -1.0205125006696198
    2.100000      -1.0156744013782928      -1.0156826065563616      -1.0156826065566193      -1.0157072292936942      -1.0157072292936298      -1.0156789601070251      -1.0156789601070644      -1.0156926367968433      -1.0156926367968262
    2.200000      -1.0118689356688637      -1.0118767056975253      -1.0118767056977600      -1.0119000230667199      -1.0119000230666628      -1.0118734856168567      -1.0118734856168972      -1.0118871359674109      -1.0118871359682156
    2.300000      -1.0089050169445739      -1.0089123481162325      -1.0089123481165556      -1.0089343487447981      -1.0089343487447719      -1.0089095524728642      -1.0089095524729035      -1.0089231595641028      -1.0089231595642927
    2.400000      -1.0066229125672588      -1.0066298269351748      -1.0066298269358809      -1.0066505767907390      -1.0066505767908724      -1.0066274314419070      -1.0066274314426198      -1.0066409885682701      -1.0066409885687286
    2.500000      -1.0048822030475615      -1.0048887383332628      -1.0048887383342278      -1.0049083504551222      -1.0049083504554444      -1.0048867053233830      -1.0048867053240704      -1.0049002126460198      -1.0049002126467210
    2.600000      -1.0035643113924282      -1.0035705126981009      -1.0035705126993200      -1.0035891223267515      -1.0035891223273119      -1.0035687985004709      -1.0035687985009063      -1.0035822603117617      -1.0035822603125881
    2.700000      -1.0025722628781160      -1.0025781767755935      -1.0025781767759228      -1.0025959236089754      -1.0025959236091251      -1.0025767369467138      -1.0025767369469163      -1.0025901596444509      -1.0025901596445137
    2.800000      -1.0018287172422697      -1.0018343880716163      -1.0018343880716656      -1.0018514051427787      -1.0018514051427660      -1.0018331806487646      -1.0018331806488361      -1.0018465713581923      -1.0018465713581890
    2.900000      -1.0012731780264790      -1.0012786458997800      -1.0012786458998644      -1.0012950535793521      -1.0012950535793701      -1.0012776331025302      -1.0012776331025970      -1.0012909988154446      -1.0012909988154586
    3.000000      -1.0008590183120272      -1.0008643182955153      -1.0008643182956192      -1.0008802218281387      -1.0008802218281807      -1.0008634671807179      -1.0008634671807939      -1.0008768142668569      -1.0008768142660760
    3.100000      -1.0005506988703556      -1.0005558608977565      -1.0005558608978224      -1.0005713501350999      -1.0005713501351086      -1.0005551433698847      -1.0005551433699349      -1.0005684773449330      -1.0005684773443053
    3.200000      -1.0003213551714696      -1.0003264043654441      -1.0003264043655014      -1.0003415547259840      -1.0003415547259848      -1.0003257968332728      -1.0003257968333159      -1.0003391222915110      -1.0003391222911540
    3.300000      -1.0001508031037365      -1.0001557602917477      -1.0001557602917988      -1.0001706343058672      -1.0001706343058627      -1.0001552431627290      -1.0001552431627743      -1.0001685638091971      -1.0001685638091202
    3.400000      -1.0000239442335508      -1.0000288265275519      -1.0000288265275898      -1.0000434755752146      -1.0000434755752006      -1.0000283836573500      -1.0000283836573831      -1.0000417023953057      -1.0000417023952417
    3.500000      -0.9999295200398520      -0.9999343414054990      -0.9999343414053831      -0.9999488074232362      -0.9999488074232222      -0.9999339595665101      -0.9999339595665487      -0.9999472786098399      -0.9999472786102127
    3.600000      -0.9998591548805034      -0.9998639266580989      -0.9998639266579883      -0.9998782437018123      -0.9998782437018003      -0.9998635950579629      -0.9998635950580006      -0.9998769160512093      -0.9998769160514793
    3.700000      -0.9998066291933818      -0.9998113605552312      -0.9998113605551340      -0.9998255561723723      -0.9998255561723599      -0.9998110704170780      -0.9998110704171119      -0.9998243945467777      -0.9998243945469776
    3.800000      -0.9997673315764427      -0.9997720299177643      -0.9997720299176759      -0.9997861263204680      -0.9997861263204594      -0.9997717741226592      -0.9997717741226885      -0.9997851022178844      -0.9997851022180467
    3.900000      -0.9997378474235600      -0.9997425186909908      -0.9997425186909109      -0.9997565337419406      -0.9997565337419333      -0.9997422914776116      -0.9997422914776292      -0.9997556240945041      -0.9997556240946556
    4.000000      -0.9997156507652926      -0.9997202997299045      -0.9997202997298339      -0.9997342477618422      -0.9997342477618362      -0.9997200964443752      -0.9997200964443843      -0.9997334339347136      -0.9997334339348688
    4.100000      -0.9996988738170103      -0.9997035042998055      -0.9997035042997449      -0.9997173967922242      -0.9997173967922168      -0.9997033211881745      -0.9997033211881794      -0.9997166637531232      -0.9997166637533017
    4.200000      -0.9996861350659511      -0.9996907501232327      -0.9996907501231812      -0.9997045962590511      -0.9997045962590486      -0.9996905841596616      -0.9996905841596616      -0.9997039318906381      -0.9997039318908353
    4.300000      -0.9996764115192225      -0.9996810135947241      -0.9996810135946790      -0.9996948207170948      -0.9996948207170919      -0.9996808623393956      -0.9996808623393962      -0.9996942152482657      -0.9996942152484793
    4.400000      -0.9996689442590015      -0.9996735353084781      -0.9996735353084413      -0.9996873092948219      -0.9996873092948174      -0.9996733967902899      -0.9996733967902921      -0.9996867548311766      -0.9996867548313743
    4.500000      -0.9996631690080379      -0.9996677506009500      -0.9996677506009165      -0.9996814961681563      -0.9996814961681496      -0.9996676232210119      -0.9996676232210130      -0.9996809863057382      -0.9996809863058872
    4.600000      -0.9996586653139262      -0.9996632387159111      -0.9996632387158831      -0.9996769596680525      -0.9996769596680487      -0.9996631211686701      -0.9996631211686705      -0.9996764891775926      -0.9996764891776794
    4.700000      -0.9996551194311841      -0.9996596856704733      -0.9996596856704468      -0.9996733850982212      -0.9996733850982203      -0.9996595768798581      -0.9996595768798596      -0.9996729496695272      -0.9996729496695557
    4.800000      -0.9996522971552703      -0.9996568570755494      -0.9996568570755254      -0.9996705375150129      -0.9996705375150122      -0.9996567561439597      -0.9996567561439597      -0.9996701335526964      -0.9996701335526760
    4.900000      -0.9996500238152655      -0.9996545781172261      -0.9996545781172024      -0.9996682416747109      -0.9996682416747085      -0.9996544842854029      -0.9996544842854020      -0.9996678661375780      -0.9996678661375222
    5.000000      -0.9996481693962076      -0.9996527186696798      -0.9996527186696593      -0.9996663671181198      -0.9996663671182369      -0.9996526312857590      -0.9996526312857532      -0.9996660173953325      -0.9996660173952510
