# molecule         = H2
# geometry         = H 0 0 0; H 0 0 {R:.6f}
# basis            = sadlej
# basis_source     = sadlej.gbs
# lambda           = 0.000000
# omega            = 0.020100
# mode_dir         = [0.0, 0.0, 1.0]
# scheme           = axial
# offdiag          = none
# method           = QED-FCI
# nboson_max       = 8
# n_fock_states    = 9
# ff_step_h        = 0.001
# n_field_points   = 9
# fci_tol          = 1e-11
# fci_max_cycle    = 300
# scf_conv_tol     = 1e-12
# center_geometry  = True
# frozen_core_orbitals = 0
# coherent_state   = True
# z_selfconsistent_iter = 0
# R_range_Ang      = 0.4:0.1:5.0
# R_e_ref_Ang      = 0.7414
# pyscf            = 2.11.0
# python           = 3.13.12
# host             = fedora
# date             = 2026-08-17 22:00:50
# columns          = R,fci[0],fci[+z],fci[-z],fci[+2z],fci[-2z],fci[+x],fci[-x],fci[+2x],fci[-2x]
    0.500000      -1.0703463326374545      -1.0703483293791101      -1.0703483293791616      -1.0703543199203824      -1.0703543199203176      -1.0703477858182142      -1.0703477858180765      -1.0703521455322764      -1.0703521455323186
    0.600000      -1.1331961080855713      -1.1331985799992783      -1.1331985799994435      -1.1332059960176426      -1.1332059960177439      -1.1331978459476606      -1.1331978459476983      -1.1332030596270777      -1.1332030596270759
    0.700000      -1.1572459761595031      -1.1572490069132884      -1.1572490069135406      -1.1572580995370427      -1.1572580995369677      -1.1572480190506949      -1.1572480190507179      -1.1572541478468859      -1.1572541478468774
    0.800000      -1.1609080626607495      -1.1609117306205048      -1.1609117306210053      -1.1609227349687705      -1.1609227349689120      -1.1609104215356405      -1.1609104215357176      -1.1609174983151698      -1.1609174983151662
    0.900000      -1.1537397505582532      -1.1537441242476023      -1.1537441242487732      -1.1537572459111014      -1.1537572459111018      -1.1537424272780490      -1.1537424272782000      -1.1537504576183069      -1.1537504576182973
    1.000000      -1.1409856385364434      -1.1409907703614741      -1.1409907703613582      -1.1410061665990421      -1.1410061665990319      -1.1409886263694724      -1.1409886263697344      -1.1409975900918408      -1.1409975900918314
    1.100000      -1.1256537411516663      -1.1256596595498352      -1.1256596595496540      -1.1256774157136753      -1.1256774157136549      -1.1256570253659794      -1.1256570253659859      -1.1256668782617936      -1.1256668782617765
    1.200000      -1.1095267100875974      -1.1095334109824737      -1.1095334109821988      -1.1095535149196225      -1.1095535149195959      -1.1095302686751340      -1.1095302686751469      -1.1095409447305844      -1.1095409447305680
    1.300000      -1.0936840711302018      -1.0936915103342599      -1.0936915103341462      -1.0937138295676117      -1.0937138295675859      -1.0936878757796213      -1.0936878757796324      -1.0936992900485638      -1.0936992900485469
    1.400000      -1.0787823787811899      -1.0787904675427868      -1.0787904675429996      -1.0788147359523039      -1.0788147359522484      -1.0787863961302362      -1.0787863961302582      -1.0787984485333058      -1.0787984485332744
    1.500000      -1.0652082866763519      -1.0652168928497514      -1.0652168928492878      -1.0652427141497678      -1.0652427141497038      -1.0652124800128111      -1.0652124800128306      -1.0652250604125375      -1.0652250604125024
    1.600000      -1.0531652045046005      -1.0531741610029868      -1.0531741610026748      -1.0532010340702194      -1.0532010340701743      -1.0531695358877384      -1.0531695358877535      -1.0531825304489912      -1.0531825304489570
    1.700000      -1.0427261447423830      -1.0427352651652084      -1.0427352651659434      -1.0427626309038258      -1.0427626309038049      -1.0427305773549675      -1.0427305773549889      -1.0427438756246974      -1.0427438756246574
    1.800000      -1.0338692633008844      -1.0338783622285015      -1.0338783622294470      -1.0339056643977553      -1.0339056643977362      -1.0338737637082662      -1.0338737637082946      -1.0338872653819262      -1.0338872653818907
    1.900000      -1.0265043055599523      -1.0265132189438884      -1.0265132189444346      -1.0265399653114726      -1.0265399653114280      -1.0265088454727060      -1.0265088454727398      -1.0265224656888001      -1.0265224656887673
    2.000000      -1.0204942710967140      -1.0205028718046212      -1.0205028718054621      -1.0205286807526643      -1.0205286807526088      -1.0204988283715068      -1.0204988283715430      -1.0205125006696478      -1.0205125006696205
    2.100000      -1.0156744013746597      -1.0156826065558271      -1.0156826065564906      -1.0157072292936582      -1.0157072292936162      -1.0156789601070211      -1.0156789601070619      -1.0156926367968429      -1.0156926367968260
    2.200000      -1.0118689356677006      -1.0118767056974542      -1.0118767056977673      -1.0119000230667288      -1.0119000230666666      -1.0118734856168581      -1.0118734856168929      -1.0118871359674104      -1.0118871359682173
    2.300000      -1.0089050169372082      -1.0089123481146625      -1.0089123481161268      -1.0089343487446742      -1.0089343487447355      -1.0089095524728513      -1.0089095524728993      -1.0089231595641004      -1.0089231595642909
    2.400000      -1.0066229125639532      -1.0066298269337206      -1.0066298269351148      -1.0066505767903224      -1.0066505767906400      -1.0066274314417620      -1.0066274314425359      -1.0066409885682197      -1.0066409885686900
    2.500000      -1.0048822030425617      -1.0048887383310852      -1.0048887383330252      -1.0049083504544016      -1.0049083504549907      -1.0048867053230699      -1.0048867053238575      -1.0049002126458715      -1.0049002126466198
    2.600000      -1.0035643113891801      -1.0035705126997529      -1.0035705127012573      -1.0035891223283364      -1.0035891223285154      -1.0035687985014103      -1.0035687985016524      -1.0035822603123490      -1.0035822603130347
    2.700000      -1.0025722628750995      -1.0025781767758264      -1.0025781767766360      -1.0025959236096724      -1.0025959236097091      -1.0025767369472105      -1.0025767369473346      -1.0025901596447873      -1.0025901596447824
    2.800000      -1.0018287172350619      -1.0018343880695557      -1.0018343880708891      -1.0018514051423839      -1.0018514051425091      -1.0018331806485645      -1.0018331806486671      -1.0018465713580553      -1.0018465713580722
    2.900000      -1.0012731780220179      -1.0012786458987957      -1.0012786458995933      -1.0012950535792755      -1.0012950535793508      -1.0012776331025253      -1.0012776331025965      -1.0012909988154437      -1.0012909988154604
    3.000000      -1.0008590183075976      -1.0008643182947223      -1.0008643182956165      -1.0008802218283492      -1.0008802218284358      -1.0008634671809744      -1.0008634671810386      -1.0008768142670876      -1.0008768142662936
    3.100000      -1.0005506988675341      -1.0005558608971015      -1.0005558608977119      -1.0005713501351610      -1.0005713501352163      -1.0005551433700006      -1.0005551433700508      -1.0005684773450438      -1.0005684773444079
    3.200000      -1.0003213551687193      -1.0003264043648166      -1.0003264043654063      -1.0003415547260581      -1.0003415547261070      -1.0003257968334047      -1.0003257968334474      -1.0003391222916420      -1.0003391222912765
    3.300000      -1.0001508031014139      -1.0001557602912929      -1.0001557602918250      -1.0001706343060452      -1.0001706343060928      -1.0001552431629710      -1.0001552431630065      -1.0001685638094338      -1.0001685638093507
    3.400000      -1.0000239442289605      -1.0000288265264159      -1.0000288265272088      -1.0000434755750776      -1.0000434755751531      -1.0000283836573309      -1.0000283836573793      -1.0000417023953019      -1.0000417023952395
    3.500000      -0.9999295200371977      -0.9999343414047334      -0.9999343414050640      -0.9999488074231134      -0.9999488074231698      -0.9999339595664879      -0.9999339595665334      -0.9999472786098312      -0.9999472786102023
    3.600000      -0.9998591548756348      -0.9998639266568752      -0.9998639266574860      -0.9998782437016249      -0.9998782437017257      -0.9998635950579273      -0.9998635950579797      -0.9998769160511931      -0.9998769160514718
    3.700000      -0.9998066291887737      -0.9998113605539372      -0.9998113605544900      -0.9998255561720155      -0.9998255561721068      -0.9998110704168619      -0.9998110704169088      -0.9998243945465823      -0.9998243945467868
    3.800000      -0.9997673315715009      -0.9997720299165332      -0.9997720299171718      -0.9997861263202820      -0.9997861263203899      -0.9997717741226312      -0.9997717741226760      -0.9997851022178842      -0.9997851022180463
    3.900000      -0.9997378474187427      -0.9997425186898404      -0.9997425186904901      -0.9997565337418434      -0.9997565337419566      -0.9997422914776731      -0.9997422914777104      -0.9997556240945867      -0.9997556240947395
    4.000000      -0.9997156507608002      -0.9997202997287250      -0.9997202997293101      -0.9997342477616068      -0.9997342477617092      -0.9997200964442846      -0.9997200964443121      -0.9997334339346396      -0.9997334339348024
    4.100000      -0.9996988738126400      -0.9997035042987041      -0.9997035042993101      -0.9997173967920883      -0.9997173967921931      -0.9997033211881881      -0.9997033211882083      -0.9997166637531558      -0.9997166637533359
    4.200000      -0.9996861350618355      -0.9996907501221993      -0.9996907501227680      -0.9997045962589172      -0.9997045962590131      -0.9996905841596627      -0.9996905841596798      -0.9997039318906599      -0.9997039318908602
    4.300000      -0.9996764115147228      -0.9996810135936014      -0.9996810135942162      -0.9996948207169263      -0.9996948207170249      -0.9996808623393674      -0.9996808623393860      -0.9996942152482611      -0.9996942152484758
    4.400000      -0.9996689442547292      -0.9996735353074163      -0.9996735353080018      -0.9996873092946593      -0.9996873092947557      -0.9996733967902606      -0.9996733967902779      -0.9996867548311749      -0.9996867548313738
    4.500000      -0.9996631690038696      -0.9996677505998558      -0.9996677506004598      -0.9996814961679791      -0.9996814961680794      -0.9996676232209757      -0.9996676232209939      -0.9996809863057271      -0.9996809863058788
    4.600000      -0.9996586653098586      -0.9996632387149048      -0.9996632387154704      -0.9996769596678979      -0.9996769596679905      -0.9996631211686450      -0.9996631211686619      -0.9996764891775863      -0.9996764891776778
    4.700000      -0.9996551194276376      -0.9996596856695498      -0.9996596856700667      -0.9996733850980845      -0.9996733850981671      -0.9996595768798399      -0.9996595768798530      -0.9996729496695255      -0.9996729496695554
    4.800000      -0.9996522971512417      -0.9996568570744951      -0.9996568570750891      -0.9996705375148517      -0.9996705375149503      -0.9996567561439335      -0.9996567561439499      -0.9996701335526900      -0.9996701335526711
    4.900000      -0.9996500238102362      -0.9996545781156676      -0.9996545781165309      -0.9996682416744604      -0.9996682416746119      -0.9996544842853634      -0.9996544842853865      -0.9996678661375709      -0.9996678661375169
    5.000000      -0.9996481693908086      -0.9996527186680033      -0.9996527186689357      -0.9996663671177968      -0.9996663671181110      -0.9996526312857026      -0.9996526312857297      -0.9996660173953180      -0.9996660173952436
